Aug_28_2009_Fri_12_30_57_PM/omni_images/002567.jpg, (263, 100), (275, 100), (254, 175), (272, 175)
Aug_28_2009_Fri_12_30_57_PM/omni_images/002670.jpg, (240, 100), (249, 100), (248, 175), (262, 175)
Aug_28_2009_Fri_12_30_57_PM/omni_images/001419.jpg, (224, 100), (237, 100), (234, 175), (255, 175)
Aug_28_2009_Fri_12_30_57_PM/omni_images/002884.jpg, (254, 100), (263, 100), (255, 175), (268, 175)
Aug_28_2009_Fri_12_30_57_PM/omni_images/004050.jpg, (278, 100), (293, 100), (262, 175), (286, 175)
Aug_28_2009_Fri_12_30_57_PM/omni_images/001916.jpg, (218, 100), (232, 100), (229, 175), (251, 175)
Aug_28_2009_Fri_12_30_57_PM/omni_images/001085.jpg, (267, 100), (279, 100), (249, 175), (266, 175)
Aug_28_2009_Fri_12_30_57_PM/omni_images/002163.jpg, (241, 100), (253, 100), (243, 175), (261, 175)
Aug_28_2009_Fri_12_30_57_PM/omni_images/002989.jpg, (227, 100), (237, 100), (224, 175), (240, 175)
Aug_28_2009_Fri_12_30_57_PM/omni_images/001321.jpg, (219, 100), (234, 100), (231, 175), (253, 175)
Aug_28_2009_Fri_12_30_57_PM/omni_images/003756.jpg, (228, 100), (240, 100), (235, 175), (253, 175)
Aug_28_2009_Fri_12_30_57_PM/omni_images/001037.jpg, (234, 100), (248, 100), (233, 175), (252, 175)
Aug_28_2009_Fri_12_30_57_PM/omni_images/002044.jpg, (232, 100), (247, 100), (234, 175), (257, 175)
Aug_28_2009_Fri_12_30_57_PM/omni_images/000330.jpg, (239, 100), (253, 100), (235, 175), (255, 175)
Aug_28_2009_Fri_12_30_57_PM/omni_images/002071.jpg, (232, 100), (246, 100), (231, 175), (253, 175)
Aug_28_2009_Fri_12_30_57_PM/omni_images/002214.jpg, (245, 100), (256, 100), (250, 175), (269, 175)
Aug_28_2009_Fri_12_30_57_PM/omni_images/003714.jpg, (252, 100), (263, 100), (251, 175), (267, 175)
Aug_28_2009_Fri_12_30_57_PM/omni_images/003320.jpg, (208, 100), (222, 100), (227, 175), (247, 175)
Aug_28_2009_Fri_12_30_57_PM/omni_images/000605.jpg, (243, 100), (257, 100), (247, 175), (269, 175)
Aug_28_2009_Fri_12_30_57_PM/omni_images/000189.jpg, (218, 100), (236, 100), (221, 175), (247, 175)
Aug_28_2009_Fri_12_30_57_PM/omni_images/001870.jpg, (227, 100), (239, 100), (230, 175), (249, 175)
Aug_28_2009_Fri_12_30_57_PM/omni_images/003190.jpg, (250, 100), (261, 100), (247, 175), (262, 175)
Aug_28_2009_Fri_12_30_57_PM/omni_images/004120.jpg, (259, 100), (279, 100), (257, 175), (287, 175)
Aug_28_2009_Fri_12_30_57_PM/omni_images/003954.jpg, (239, 100), (257, 100), (237, 175), (261, 175)
Aug_28_2009_Fri_12_30_57_PM/omni_images/003608.jpg, (253, 100), (262, 100), (248, 175), (261, 175)
Aug_28_2009_Fri_12_30_57_PM/omni_images/001374.jpg, (235, 100), (250, 100), (243, 175), (267, 175)
Aug_28_2009_Fri_12_30_57_PM/omni_images/000162.jpg, (237, 100), (260, 100), (223, 175), (257, 175)
Aug_28_2009_Fri_12_30_57_PM/omni_images/002495.jpg, (234, 100), (247, 100), (235, 175), (253, 175)
Aug_28_2009_Fri_12_30_57_PM/omni_images/002362.jpg, (239, 100), (251, 100), (243, 175), (261, 175)
Aug_28_2009_Fri_12_30_57_PM/omni_images/003563.jpg, (224, 100), (234, 100), (219, 175), (234, 175)
Aug_28_2009_Fri_12_30_57_PM/omni_images/003376.jpg, (234, 100), (248, 100), (236, 175), (256, 175)
Aug_28_2009_Fri_12_30_57_PM/omni_images/003678.jpg, (251, 100), (260, 100), (252, 175), (266, 175)
Aug_28_2009_Fri_12_30_57_PM/omni_images/003313.jpg, (227, 100), (239, 100), (238, 175), (257, 175)
Aug_28_2009_Fri_12_30_57_PM/omni_images/003910.jpg, (251, 100), (266, 100), (241, 175), (265, 175)
Aug_28_2009_Fri_12_30_57_PM/omni_images/001107.jpg, (255, 100), (271, 100), (241, 175), (262, 175)
Aug_28_2009_Fri_12_30_57_PM/omni_images/003428.jpg, (254, 100), (266, 100), (257, 175), (276, 175)
Aug_28_2009_Fri_12_30_57_PM/omni_images/001182.jpg, (244, 100), (258, 100), (243, 175), (262, 175)
Aug_28_2009_Fri_12_30_57_PM/omni_images/002927.jpg, (225, 100), (236, 100), (235, 175), (250, 175)
Aug_28_2009_Fri_12_30_57_PM/omni_images/003279.jpg, (223, 100), (234, 100), (231, 175), (248, 175)
Aug_28_2009_Fri_12_30_57_PM/omni_images/001145.jpg, (259, 100), (274, 100), (243, 175), (265, 175)
Aug_28_2009_Fri_12_30_57_PM/omni_images/000435.jpg, (223, 100), (239, 100), (234, 175), (259, 175)
Aug_28_2009_Fri_12_30_57_PM/omni_images/003039.jpg, (236, 100), (245, 100), (237, 175), (251, 175)
Aug_28_2009_Fri_12_30_57_PM/omni_images/002461.jpg, (234, 100), (248, 100), (244, 175), (265, 175)
Aug_28_2009_Fri_12_30_57_PM/omni_images/000896.jpg, (230, 100), (242, 100), (238, 175), (256, 175)
Aug_28_2009_Fri_12_30_57_PM/omni_images/002621.jpg, (250, 100), (259, 100), (255, 175), (269, 175)
Aug_28_2009_Fri_12_30_57_PM/omni_images/001952.jpg, (224, 100), (239, 100), (231, 175), (255, 175)
Aug_28_2009_Fri_12_30_57_PM/omni_images/001809.jpg, (234, 100), (248, 100), (232, 175), (251, 175)
Aug_28_2009_Fri_12_30_57_PM/omni_images/001271.jpg, (225, 100), (240, 100), (237, 175), (259, 175)
Aug_28_2009_Fri_12_30_57_PM/omni_images/002258.jpg, (229, 100), (242, 100), (240, 175), (259, 175)
Aug_28_2009_Fri_12_30_57_PM/omni_images/003500.jpg, (204, 100), (215, 100), (204, 175), (219, 175)
Aug_28_2009_Fri_12_30_57_PM/omni_images/003458.jpg, (213, 100), (226, 100), (230, 175), (250, 175)
Aug_28_2009_Fri_12_30_57_PM/omni_images/003623.jpg, (244, 100), (255, 100), (243, 175), (258, 175)
Aug_28_2009_Fri_12_30_57_PM/omni_images/000655.jpg, (220, 100), (232, 100), (229, 175), (247, 175)
Aug_28_2009_Fri_12_30_57_PM/omni_images/002516.jpg, (238, 100), (249, 100), (233, 175), (247, 175)
Aug_28_2009_Fri_12_30_57_PM/omni_images/003852.jpg, (224, 100), (235, 100), (225, 175), (241, 175)
Aug_28_2009_Fri_12_30_57_PM/omni_images/004006.jpg, (224, 100), (241, 100), (221, 175), (245, 175)
Aug_28_2009_Fri_12_30_57_PM/omni_images/001639.jpg, (224, 100), (237, 100), (226, 175), (245, 175)
Aug_28_2009_Fri_12_30_57_PM/omni_images/000272.jpg, (239, 100), (256, 100), (242, 175), (270, 175)
Aug_28_2009_Fri_12_30_57_PM/omni_images/001699.jpg, (251, 100), (263, 100), (254, 175), (275, 175)
Aug_28_2009_Fri_12_30_57_PM/omni_images/003240.jpg, (248, 100), (259, 100), (246, 175), (262, 175)
Aug_28_2009_Fri_12_30_57_PM/omni_images/000588.jpg, (240, 100), (254, 100), (242, 175), (265, 175)
Aug_28_2009_Fri_12_30_57_PM/omni_images/001759.jpg, (227, 100), (239, 100), (237, 175), (256, 175)
Aug_28_2009_Fri_12_30_57_PM/omni_images/002827.jpg, (223, 100), (234, 100), (225, 175), (240, 175)
Aug_28_2009_Fri_12_30_57_PM/omni_images/002934.jpg, (221, 100), (231, 100), (230, 175), (244, 175)
Aug_28_2009_Fri_12_30_57_PM/omni_images/000386.jpg, (238, 100), (254, 100), (245, 175), (270, 175)
Aug_28_2009_Fri_12_30_57_PM/omni_images/001508.jpg, (232, 100), (246, 100), (243, 175), (265, 175)
Aug_28_2009_Fri_12_30_57_PM/omni_images/001533.jpg, (216, 100), (229, 100), (224, 175), (243, 175)
Aug_28_2009_Fri_12_30_57_PM/omni_images/000717.jpg, (233, 100), (244, 100), (234, 175), (251, 175)
Aug_28_2009_Fri_12_30_57_PM/omni_images/001989.jpg, (248, 100), (261, 100), (247, 175), (268, 175)
Aug_28_2009_Fri_12_30_57_PM/omni_images/003519.jpg, (207, 100), (218, 100), (201, 175), (217, 175)
Aug_28_2009_Fri_12_30_57_PM/omni_images/002773.jpg, (223, 100), (234, 100), (230, 175), (247, 175)
Aug_28_2009_Fri_12_30_57_PM/omni_images/000438.jpg, (222, 100), (238, 100), (229, 175), (254, 175)
Aug_28_2009_Fri_12_30_57_PM/omni_images/003890.jpg, (227, 100), (243, 100), (222, 175), (244, 175)
Aug_28_2009_Fri_12_30_57_PM/omni_images/002106.jpg, (248, 100), (261, 100), (242, 175), (260, 175)
Aug_28_2009_Fri_12_30_57_PM/omni_images/003096.jpg, (235, 100), (245, 100), (236, 175), (249, 175)
Aug_28_2009_Fri_12_30_57_PM/omni_images/000803.jpg, (243, 100), (255, 100), (243, 175), (264, 175)
Aug_28_2009_Fri_12_30_57_PM/omni_images/000776.jpg, (238, 100), (250, 100), (237, 175), (255, 175)
Aug_28_2009_Fri_12_30_57_PM/omni_images/003163.jpg, (260, 100), (269, 100), (252, 175), (267, 175)
Aug_28_2009_Fri_12_30_57_PM/omni_images/002308.jpg, (237, 100), (248, 100), (241, 175), (260, 175)
Aug_28_2009_Fri_12_30_57_PM/omni_images/001732.jpg, (239, 100), (253, 100), (251, 175), (271, 175)
Aug_28_2009_Fri_12_30_57_PM/omni_images/000544.jpg, (227, 100), (242, 100), (228, 175), (249, 175)
Aug_28_2009_Fri_12_30_57_PM/omni_images/000013.jpg, (192, 100), (216, 100), (178, 175), (213, 175)
Aug_28_2009_Fri_12_30_57_PM/omni_images/002137.jpg, (249, 100), (259, 100), (253, 175), (269, 175)
Aug_28_2009_Fri_12_30_57_PM/omni_images/000937.jpg, (229, 100), (243, 100), (232, 175), (252, 175)
Aug_28_2009_Fri_12_30_57_PM/omni_images/003805.jpg, (229, 100), (240, 100), (232, 175), (247, 175)
Aug_28_2009_Fri_12_30_57_PM/omni_images/000241.jpg, (240, 100), (257, 100), (245, 175), (272, 175)
Aug_28_2009_Fri_12_30_57_PM/omni_images/000839.jpg, (233, 100), (248, 100), (240, 175), (262, 175)
Aug_28_2009_Fri_12_30_57_PM/omni_images/002723.jpg, (233, 100), (245, 100), (240, 175), (257, 175)
Aug_28_2009_Fri_12_30_57_PM/omni_images/002413.jpg, (241, 100), (254, 100), (244, 175), (264, 175)
Aug_28_2009_Fri_12_30_57_PM/omni_images/001835.jpg, (239, 100), (252, 100), (238, 175), (255, 175)
Aug_28_2009_Fri_12_30_57_PM/omni_images/003144.jpg, (255, 100), (265, 100), (244, 175), (259, 175)
Aug_28_2009_Fri_12_30_57_PM/omni_images/001465.jpg, (225, 100), (238, 100), (243, 175), (262, 175)
Aug_28_2009_Fri_12_30_57_PM/omni_images/001222.jpg, (234, 100), (248, 100), (240, 175), (262, 175)
Aug_28_2009_Fri_12_30_57_PM/omni_images/004084.jpg, (300, 100), (320, 100), (285, 175), (315, 175)
Aug_28_2009_Fri_12_30_57_PM/omni_images/001596.jpg, (239, 100), (253, 100), (232, 175), (253, 175)
Aug_28_2009_Fri_12_30_57_PM/omni_images/000492.jpg, (222, 100), (237, 100), (227, 175), (250, 175)
Aug_28_2009_Fri_12_30_57_PM/omni_images/000226.jpg, (245, 100), (262, 100), (244, 175), (271, 175)
Aug_28_2009_Fri_12_30_57_PM/omni_images/000983.jpg, (238, 100), (251, 100), (237, 175), (256, 175)
Aug_28_2009_Fri_12_30_57_PM/omni_images/001557.jpg, (215, 100), (229, 100), (215, 175), (235, 175)
Aug_28_2009_Fri_12_36_14_PM/omni_images/006317.jpg, (222, 100), (252, 100), (223, 175), (268, 175)
Aug_28_2009_Fri_12_36_14_PM/omni_images/001346.jpg, (234, 100), (259, 100), (230, 175), (268, 175)
Aug_28_2009_Fri_12_36_14_PM/omni_images/001916.jpg, (228, 100), (261, 100), (219, 175), (268, 175)
Aug_28_2009_Fri_12_36_14_PM/omni_images/003242.jpg, (233, 100), (255, 100), (241, 175), (275, 175)
Aug_28_2009_Fri_12_36_14_PM/omni_images/002609.jpg, (239, 100), (270, 100), (227, 175), (273, 175)
Aug_28_2009_Fri_12_36_14_PM/omni_images/004827.jpg, (220, 100), (259, 100), (215, 175), (274, 175)
Aug_28_2009_Fri_12_36_14_PM/omni_images/000730.jpg, (243, 100), (279, 100), (232, 175), (285, 175)
Aug_28_2009_Fri_12_36_14_PM/omni_images/002301.jpg, (237, 100), (270, 100), (230, 175), (281, 175)
Aug_28_2009_Fri_12_36_14_PM/omni_images/004627.jpg, (223, 100), (255, 100), (216, 175), (261, 175)
Aug_28_2009_Fri_12_36_14_PM/omni_images/005437.jpg, (242, 100), (279, 100), (234, 175), (288, 175)
Aug_28_2009_Fri_12_36_14_PM/omni_images/007332.jpg, (218, 100), (270, 100), (203, 175), (282, 175)
Aug_28_2009_Fri_12_36_14_PM/omni_images/001787.jpg, (204, 100), (236, 100), (198, 175), (243, 175)
Aug_28_2009_Fri_12_36_14_PM/omni_images/001887.jpg, (235, 100), (265, 100), (234, 175), (280, 175)
Aug_28_2009_Fri_12_36_14_PM/omni_images/000855.jpg, (255, 100), (279, 100), (251, 175), (286, 175)
Aug_28_2009_Fri_12_36_14_PM/omni_images/004299.jpg, (181, 100), (221, 100), (208, 175), (265, 175)
Aug_28_2009_Fri_12_36_14_PM/omni_images/001220.jpg, (222, 100), (258, 100), (222, 175), (278, 175)
Aug_28_2009_Fri_12_36_14_PM/omni_images/000942.jpg, (219, 100), (239, 100), (231, 175), (259, 175)
Aug_28_2009_Fri_12_36_14_PM/omni_images/000216.jpg, (245, 100), (270, 100), (228, 175), (265, 175)
Aug_28_2009_Fri_12_36_14_PM/omni_images/001530.jpg, (200, 100), (231, 100), (209, 175), (257, 175)
Aug_28_2009_Fri_12_36_14_PM/omni_images/001389.jpg, (240, 100), (270, 100), (231, 175), (275, 175)
Aug_28_2009_Fri_12_36_14_PM/omni_images/002133.jpg, (222, 100), (255, 100), (223, 175), (274, 175)
Aug_28_2009_Fri_12_36_14_PM/omni_images/007185.jpg, (189, 100), (231, 100), (207, 175), (265, 175)
Aug_28_2009_Fri_12_36_14_PM/omni_images/005388.jpg, (227, 100), (260, 100), (223, 175), (273, 175)
Aug_28_2009_Fri_12_36_14_PM/omni_images/004188.jpg, (231, 100), (259, 100), (231, 175), (274, 175)
Aug_28_2009_Fri_12_36_14_PM/omni_images/001736.jpg, (235, 100), (262, 100), (231, 175), (271, 175)
Aug_28_2009_Fri_12_36_14_PM/omni_images/001497.jpg, (234, 100), (263, 100), (245, 175), (289, 175)
Aug_28_2009_Fri_12_36_14_PM/omni_images/001974.jpg, (222, 100), (257, 100), (223, 175), (276, 175)
Aug_28_2009_Fri_12_36_14_PM/omni_images/005571.jpg, (212, 100), (260, 100), (213, 175), (285, 175)
Aug_28_2009_Fri_12_36_14_PM/omni_images/005885.jpg, (237, 100), (271, 100), (237, 175), (289, 175)
Aug_28_2009_Fri_12_36_14_PM/omni_images/004161.jpg, (229, 100), (263, 100), (228, 175), (282, 175)
Aug_28_2009_Fri_12_36_14_PM/omni_images/007578.jpg, (157, 100), (204, 100), (141, 175), (214, 175)
Aug_28_2009_Fri_12_36_14_PM/omni_images/002980.jpg, (222, 100), (240, 100), (222, 175), (249, 175)
Aug_28_2009_Fri_12_36_14_PM/omni_images/006957.jpg, (223, 100), (258, 100), (207, 175), (258, 175)
Aug_28_2009_Fri_12_36_14_PM/omni_images/001688.jpg, (207, 100), (232, 100), (197, 175), (236, 175)
Aug_28_2009_Fri_12_36_14_PM/omni_images/002933.jpg, (208, 100), (239, 100), (206, 175), (252, 175)
Aug_28_2009_Fri_12_36_14_PM/omni_images/002904.jpg, (222, 100), (250, 100), (217, 175), (258, 175)
Aug_28_2009_Fri_12_36_14_PM/omni_images/000322.jpg, (218, 100), (250, 100), (216, 175), (262, 175)
Aug_28_2009_Fri_12_36_14_PM/omni_images/007143.jpg, (215, 100), (256, 100), (212, 175), (272, 175)
Aug_28_2009_Fri_12_36_14_PM/omni_images/006655.jpg, (212, 100), (263, 100), (205, 175), (283, 175)
Aug_28_2009_Fri_12_36_14_PM/omni_images/001302.jpg, (226, 100), (253, 100), (230, 175), (270, 175)
Aug_28_2009_Fri_12_36_14_PM/omni_images/004419.jpg, (234, 100), (267, 100), (229, 175), (276, 175)
Aug_28_2009_Fri_12_36_14_PM/omni_images/007025.jpg, (233, 100), (259, 100), (227, 175), (263, 175)
Aug_28_2009_Fri_12_36_14_PM/omni_images/001417.jpg, (237, 100), (269, 100), (230, 175), (278, 175)
Aug_28_2009_Fri_12_36_14_PM/omni_images/004039.jpg, (179, 100), (219, 100), (220, 175), (270, 175)
Aug_28_2009_Fri_12_36_14_PM/omni_images/005767.jpg, (210, 100), (256, 100), (219, 175), (289, 175)
Aug_28_2009_Fri_12_36_14_PM/omni_images/007444.jpg, (241, 100), (293, 100), (225, 175), (300, 175)
Aug_28_2009_Fri_12_36_14_PM/omni_images/004264.jpg, (227, 100), (254, 100), (234, 175), (278, 175)
Aug_28_2009_Fri_12_36_14_PM/omni_images/001559.jpg, (232, 100), (261, 100), (223, 175), (265, 175)
Aug_28_2009_Fri_12_36_14_PM/omni_images/006795.jpg, (223, 100), (253, 100), (223, 175), (269, 175)
Aug_28_2009_Fri_12_36_14_PM/omni_images/001111.jpg, (225, 100), (267, 100), (218, 175), (279, 175)
Aug_28_2009_Fri_12_36_14_PM/omni_images/002048.jpg, (219, 100), (253, 100), (233, 175), (282, 175)
Aug_28_2009_Fri_12_36_14_PM/omni_images/004875.jpg, (219, 100), (260, 100), (211, 175), (271, 175)
Aug_28_2009_Fri_12_36_14_PM/omni_images/002755.jpg, (217, 100), (251, 100), (209, 175), (258, 175)
Aug_28_2009_Fri_12_36_14_PM/omni_images/005674.jpg, (190, 100), (238, 100), (210, 175), (278, 175)
Aug_28_2009_Fri_12_36_14_PM/omni_images/004517.jpg, (242, 100), (271, 100), (235, 175), (279, 175)
Aug_28_2009_Fri_12_36_14_PM/omni_images/004114.jpg, (193, 100), (237, 100), (196, 175), (262, 175)
Aug_28_2009_Fri_12_36_14_PM/omni_images/003867.jpg, (249, 100), (271, 100), (242, 175), (274, 175)
Aug_28_2009_Fri_12_36_14_PM/omni_images/005211.jpg, (251, 100), (282, 100), (236, 175), (280, 175)
Aug_28_2009_Fri_12_36_14_PM/omni_images/000914.jpg, (245, 100), (263, 100), (256, 175), (285, 175)
Aug_28_2009_Fri_12_36_14_PM/omni_images/002786.jpg, (242, 100), (275, 100), (222, 175), (273, 175)
Aug_28_2009_Fri_12_36_14_PM/omni_images/004224.jpg, (225, 100), (251, 100), (225, 175), (264, 175)
Aug_28_2009_Fri_12_36_14_PM/omni_images/000235.jpg, (254, 100), (284, 100), (235, 175), (277, 175)
Aug_28_2009_Fri_12_36_14_PM/omni_images/005334.jpg, (226, 100), (274, 100), (216, 175), (287, 175)
Aug_28_2009_Fri_12_36_14_PM/omni_images/000970.jpg, (219, 100), (240, 100), (218, 175), (248, 175)
Aug_28_2009_Fri_12_36_14_PM/omni_images/000482.jpg, (213, 100), (243, 100), (212, 175), (258, 175)
Aug_28_2009_Fri_12_36_14_PM/omni_images/000375.jpg, (235, 100), (262, 100), (229, 175), (271, 175)
Aug_28_2009_Fri_12_36_14_PM/omni_images/007237.jpg, (184, 100), (235, 100), (210, 175), (279, 175)
Aug_28_2009_Fri_12_36_14_PM/omni_images/006401.jpg, (244, 100), (272, 100), (222, 175), (265, 175)
Aug_28_2009_Fri_12_36_14_PM/omni_images/004935.jpg, (230, 100), (266, 100), (219, 175), (275, 175)
Aug_28_2009_Fri_12_36_14_PM/omni_images/003051.jpg, (240, 100), (250, 100), (242, 175), (257, 175)
Aug_28_2009_Fri_12_36_14_PM/omni_images/003187.jpg, (232, 100), (250, 100), (235, 175), (262, 175)
Aug_28_2009_Fri_12_36_14_PM/omni_images/004572.jpg, (229, 100), (264, 100), (220, 175), (270, 175)
Aug_28_2009_Fri_12_36_14_PM/omni_images/005948.jpg, (238, 100), (270, 100), (228, 175), (278, 175)
Aug_28_2009_Fri_12_36_14_PM/omni_images/004060.jpg, (199, 100), (254, 100), (222, 175), (298, 175)
Aug_28_2009_Fri_12_36_14_PM/omni_images/003330.jpg, (218, 100), (242, 100), (220, 175), (256, 175)
Aug_28_2009_Fri_12_36_14_PM/omni_images/002680.jpg, (195, 100), (229, 100), (201, 175), (252, 175)
Aug_28_2009_Fri_12_36_14_PM/omni_images/006697.jpg, (214, 100), (255, 100), (204, 175), (265, 175)
Aug_28_2009_Fri_12_36_14_PM/omni_images/005179.jpg, (232, 100), (264, 100), (222, 175), (269, 175)
Aug_28_2009_Fri_12_36_14_PM/omni_images/005997.jpg, (231, 100), (259, 100), (226, 175), (268, 175)
Aug_28_2009_Fri_12_36_14_PM/omni_images/005243.jpg, (229, 100), (263, 100), (221, 175), (271, 175)
Aug_28_2009_Fri_12_36_14_PM/omni_images/002501.jpg, (217, 100), (248, 100), (213, 175), (261, 175)
Aug_28_2009_Fri_12_36_14_PM/omni_images/003892.jpg, (255, 100), (273, 100), (253, 175), (279, 175)
Aug_28_2009_Fri_12_36_14_PM/omni_images/007160.jpg, (203, 100), (246, 100), (201, 175), (267, 175)
Aug_28_2009_Fri_12_36_14_PM/omni_images/002115.jpg, (183, 100), (220, 100), (202, 175), (255, 175)
Aug_28_2009_Fri_12_36_14_PM/omni_images/001003.jpg, (227, 100), (263, 100), (215, 175), (267, 175)
Aug_28_2009_Fri_12_36_14_PM/omni_images/004464.jpg, (251, 100), (279, 100), (235, 175), (275, 175)
Aug_28_2009_Fri_12_36_14_PM/omni_images/002096.jpg, (175, 100), (212, 100), (202, 175), (254, 175)
Aug_28_2009_Fri_12_36_14_PM/omni_images/003412.jpg, (205, 100), (230, 100), (226, 175), (261, 175)
Aug_28_2009_Fri_12_36_14_PM/omni_images/004990.jpg, (185, 100), (225, 100), (179, 175), (240, 175)
Aug_28_2009_Fri_12_36_14_PM/omni_images/002479.jpg, (187, 100), (214, 100), (202, 175), (241, 175)
Aug_28_2009_Fri_12_36_14_PM/omni_images/002559.jpg, (218, 100), (250, 100), (213, 175), (260, 175)
Aug_28_2009_Fri_12_36_14_PM/omni_images/003006.jpg, (226, 100), (239, 100), (230, 175), (249, 175)
Aug_28_2009_Fri_12_36_14_PM/omni_images/002537.jpg, (238, 100), (271, 100), (226, 175), (273, 175)
Aug_28_2009_Fri_12_36_14_PM/omni_images/000429.jpg, (228, 100), (254, 100), (228, 175), (267, 175)
Aug_28_2009_Fri_12_36_14_PM/omni_images/006909.jpg, (216, 100), (253, 100), (202, 175), (256, 175)
Aug_28_2009_Fri_12_36_14_PM/omni_images/004790.jpg, (242, 100), (281, 100), (235, 175), (292, 175)
Aug_28_2009_Fri_12_36_14_PM/omni_images/001257.jpg, (210, 100), (247, 100), (212, 175), (267, 175)
Aug_28_2009_Fri_12_36_14_PM/omni_images/003101.jpg, (217, 100), (241, 100), (219, 175), (255, 175)
Aug_28_2009_Fri_12_36_14_PM/omni_images/006060.jpg, (223, 100), (249, 100), (224, 175), (265, 175)
Aug_28_2009_Fri_12_36_14_PM/omni_images/006429.jpg, (237, 100), (266, 100), (227, 175), (268, 175)
Aug_28_2009_Fri_12_36_14_PM/omni_images/001444.jpg, (244, 100), (273, 100), (238, 175), (281, 175)
Aug_28_2009_Fri_12_36_14_PM/omni_images/005836.jpg, (246, 100), (284, 100), (235, 175), (290, 175)
Aug_28_2009_Fri_12_36_14_PM/omni_images/003068.jpg, (215, 100), (233, 100), (227, 175), (253, 175)
Aug_28_2009_Fri_12_36_14_PM/omni_images/006465.jpg, (217, 100), (249, 100), (225, 175), (272, 175)
Aug_28_2009_Fri_12_36_14_PM/omni_images/003278.jpg, (220, 100), (237, 100), (232, 175), (258, 175)
Aug_28_2009_Fri_12_36_14_PM/omni_images/001276.jpg, (210, 100), (244, 100), (215, 175), (266, 175)
Aug_28_2009_Fri_12_36_14_PM/omni_images/006362.jpg, (231, 100), (259, 100), (219, 175), (260, 175)
Aug_28_2009_Fri_12_36_14_PM/omni_images/002964.jpg, (216, 100), (241, 100), (215, 175), (253, 175)
Aug_28_2009_Fri_12_36_14_PM/omni_images/002827.jpg, (235, 100), (270, 100), (223, 175), (273, 175)
Aug_28_2009_Fri_12_36_14_PM/omni_images/000773.jpg, (222, 100), (255, 100), (222, 175), (271, 175)
Aug_28_2009_Fri_12_36_14_PM/omni_images/002585.jpg, (226, 100), (259, 100), (219, 175), (267, 175)
Aug_28_2009_Fri_12_36_14_PM/omni_images/002702.jpg, (198, 100), (235, 100), (197, 175), (253, 175)
Aug_28_2009_Fri_12_36_14_PM/omni_images/003127.jpg, (236, 100), (262, 100), (236, 175), (275, 175)
Aug_28_2009_Fri_12_36_14_PM/omni_images/000271.jpg, (247, 100), (279, 100), (232, 175), (278, 175)
Aug_28_2009_Fri_12_36_14_PM/omni_images/005717.jpg, (203, 100), (247, 100), (217, 175), (281, 175)
Aug_28_2009_Fri_12_36_14_PM/omni_images/006987.jpg, (247, 100), (279, 100), (226, 175), (274, 175)
Aug_28_2009_Fri_12_36_14_PM/omni_images/001717.jpg, (232, 100), (261, 100), (223, 175), (268, 175)
Aug_28_2009_Fri_12_36_14_PM/omni_images/002422.jpg, (163, 100), (196, 100), (193, 175), (238, 175)
Aug_28_2009_Fri_12_36_14_PM/omni_images/004740.jpg, (248, 100), (271, 100), (229, 175), (259, 175)
Aug_28_2009_Fri_12_36_14_PM/omni_images/005477.jpg, (227, 100), (256, 100), (230, 175), (275, 175)
Aug_28_2009_Fri_12_36_14_PM/omni_images/001867.jpg, (264, 100), (290, 100), (248, 175), (288, 175)
Aug_28_2009_Fri_12_36_14_PM/omni_images/003938.jpg, (226, 100), (241, 100), (225, 175), (248, 175)
Aug_28_2009_Fri_12_36_14_PM/omni_images/005126.jpg, (224, 100), (263, 100), (209, 175), (268, 175)
Aug_28_2009_Fri_12_36_14_PM/omni_images/006618.jpg, (216, 100), (241, 100), (223, 175), (260, 175)
Aug_28_2009_Fri_12_36_14_PM/omni_images/005618.jpg, (183, 100), (237, 100), (186, 175), (266, 175)
Aug_28_2009_Fri_12_36_14_PM/omni_images/005077.jpg, (216, 100), (261, 100), (198, 175), (265, 175)
Aug_28_2009_Fri_12_36_14_PM/omni_images/001610.jpg, (246, 100), (277, 100), (240, 175), (287, 175)
Aug_28_2009_Fri_12_36_14_PM/omni_images/002164.jpg, (231, 100), (264, 100), (234, 175), (284, 175)
Aug_28_2009_Fri_12_36_14_PM/omni_images/007282.jpg, (193, 100), (253, 100), (199, 175), (287, 175)
Aug_28_2009_Fri_12_36_14_PM/omni_images/002881.jpg, (213, 100), (243, 100), (209, 175), (251, 175)
Aug_28_2009_Fri_12_36_14_PM/omni_images/001998.jpg, (220, 100), (248, 100), (227, 175), (270, 175)
Aug_28_2009_Fri_12_36_14_PM/omni_images/006745.jpg, (243, 100), (282, 100), (226, 175), (283, 175)
Aug_28_2009_Fri_12_36_14_PM/omni_images/006144.jpg, (233, 100), (260, 100), (230, 175), (271, 175)
Aug_28_2009_Fri_12_36_14_PM/omni_images/006109.jpg, (229, 100), (255, 100), (224, 175), (264, 175)
Aug_28_2009_Fri_12_36_14_PM/omni_images/000698.jpg, (242, 100), (273, 100), (227, 175), (271, 175)
Aug_28_2009_Fri_12_36_14_PM/omni_images/002228.jpg, (225, 100), (263, 100), (219, 175), (275, 175)
Aug_28_2009_Fri_12_36_14_PM/omni_images/001327.jpg, (227, 100), (256, 100), (226, 175), (269, 175)
Aug_28_2009_Fri_12_36_14_PM/omni_images/007078.jpg, (233, 100), (255, 100), (229, 175), (260, 175)
Aug_28_2009_Fri_12_36_14_PM/omni_images/001067.jpg, (226, 100), (260, 100), (218, 175), (269, 175)
Aug_28_2009_Fri_12_36_14_PM/omni_images/006209.jpg, (215, 100), (239, 100), (217, 175), (252, 175)
Aug_28_2009_Fri_12_36_14_PM/omni_images/004311.jpg, (187, 100), (226, 100), (209, 175), (264, 175)
Aug_28_2009_Fri_12_36_14_PM/omni_images/002272.jpg, (243, 100), (284, 100), (228, 175), (290, 175)
Aug_28_2009_Fri_12_36_14_PM/omni_images/001830.jpg, (242, 100), (274, 100), (223, 175), (270, 175)
Aug_28_2009_Fri_12_36_14_PM/omni_images/005039.jpg, (215, 100), (260, 100), (194, 175), (262, 175)
Aug_28_2009_Fri_12_36_14_PM/omni_images/001039.jpg, (228, 100), (262, 100), (219, 175), (269, 175)
Aug_28_2009_Fri_12_36_14_PM/omni_images/001588.jpg, (239, 100), (273, 100), (232, 175), (280, 175)
Aug_28_2009_Fri_12_36_14_PM/omni_images/002851.jpg, (228, 100), (260, 100), (221, 175), (268, 175)
Aug_28_2009_Fri_12_36_14_PM/omni_images/005816.jpg, (233, 100), (276, 100), (221, 175), (286, 175)
Aug_28_2009_Fri_12_36_14_PM/omni_images/001475.jpg, (260, 100), (295, 100), (256, 175), (308, 175)
Aug_28_2009_Fri_12_36_14_PM/omni_images/005465.jpg, (239, 100), (269, 100), (236, 175), (282, 175)
Aug_28_2009_Fri_12_36_14_PM/omni_images/007499.jpg, (213, 100), (255, 100), (200, 175), (263, 175)
Aug_28_2009_Fri_12_36_14_PM/omni_images/002403.jpg, (193, 100), (227, 100), (213, 175), (262, 175)
Aug_28_2009_Fri_12_36_14_PM/omni_images/006569.jpg, (211, 100), (245, 100), (215, 175), (265, 175)
Aug_28_2009_Fri_12_36_14_PM/omni_images/000534.jpg, (221, 100), (246, 100), (225, 175), (262, 175)
Aug_28_2009_Fri_12_36_14_PM/omni_images/007390.jpg, (246, 100), (287, 100), (224, 175), (286, 175)
Aug_28_2009_Fri_12_36_14_PM/omni_images/006520.jpg, (221, 100), (253, 100), (215, 175), (264, 175)
Aug_28_2009_Fri_12_36_14_PM/omni_images/000630.jpg, (209, 100), (239, 100), (215, 175), (261, 175)
Aug_28_2009_Fri_12_36_14_PM/omni_images/004377.jpg, (220, 100), (252, 100), (223, 175), (272, 175)
Aug_28_2009_Fri_12_36_14_PM/omni_images/002452.jpg, (191, 100), (218, 100), (209, 175), (248, 175)
Aug_28_2009_Fri_12_36_14_PM/omni_images/002375.jpg, (190, 100), (224, 100), (220, 175), (267, 175)
Aug_28_2009_Fri_12_36_14_PM/omni_images/002025.jpg, (230, 100), (262, 100), (232, 175), (282, 175)
Aug_28_2009_Fri_12_36_14_PM/omni_images/006253.jpg, (208, 100), (237, 100), (217, 175), (258, 175)
Aug_28_2009_Fri_12_36_14_PM/omni_images/005289.jpg, (224, 100), (265, 100), (218, 175), (279, 175)
Aug_28_2009_Fri_12_36_14_PM/omni_images/000828.jpg, (244, 100), (271, 100), (236, 175), (277, 175)
Aug_28_2009_Fri_12_36_14_PM/omni_images/001945.jpg, (248, 100), (282, 100), (235, 175), (283, 175)
Aug_28_2009_Fri_12_36_14_PM/omni_images/000876.jpg, (247, 100), (270, 100), (248, 175), (284, 175)
Aug_28_2009_Fri_12_36_14_PM/omni_images/002334.jpg, (235, 100), (263, 100), (244, 175), (288, 175)
Aug_28_2009_Fri_12_36_14_PM/omni_images/007563.jpg, (167, 100), (213, 100), (155, 175), (225, 175)
Aug_28_2009_Fri_12_36_14_PM/omni_images/000665.jpg, (209, 100), (238, 100), (202, 175), (247, 175)
Aug_28_2009_Fri_12_36_14_PM/omni_images/003989.jpg, (241, 100), (256, 100), (249, 175), (273, 175)
Aug_28_2009_Fri_12_36_14_PM/omni_images/004683.jpg, (225, 100), (259, 100), (217, 175), (266, 175)
Aug_28_2009_Fri_12_36_14_PM/omni_images/004021.jpg, (158, 100), (193, 100), (212, 175), (252, 175)
Aug_28_2009_Fri_12_36_14_PM/omni_images/002732.jpg, (229, 100), (263, 100), (217, 175), (269, 175)
Aug_28_2009_Fri_12_36_14_PM/omni_images/002187.jpg, (219, 100), (254, 100), (220, 175), (273, 175)
Aug_28_2009_Fri_12_36_14_PM/omni_images/003502.jpg, (225, 100), (258, 100), (214, 175), (263, 175)
Aug_28_2009_Fri_12_36_14_PM/omni_images/000586.jpg, (223, 100), (256, 100), (227, 175), (278, 175)
Aug_28_2009_Fri_12_36_14_PM/omni_images/001139.jpg, (226, 100), (267, 100), (220, 175), (281, 175)
Aug_28_2009_Fri_12_36_14_PM/omni_images/007527.jpg, (225, 100), (264, 100), (215, 175), (275, 175)
Aug_28_2009_Fri_12_36_14_PM/omni_images/000511.jpg, (210, 100), (235, 100), (213, 175), (251, 175)
Aug_28_2009_Fri_12_36_14_PM/omni_images/001161.jpg, (225, 100), (261, 100), (225, 175), (281, 175)
Aug_28_2009_Fri_12_36_14_PM/omni_images/001655.jpg, (228, 100), (255, 100), (225, 175), (264, 175)
Aug_28_2009_Fri_12_36_14_PM/omni_images/006856.jpg, (199, 100), (236, 100), (201, 175), (258, 175)
Aug_28_2009_Fri_12_36_14_PM/omni_images/003459.jpg, (222, 100), (252, 100), (216, 175), (259, 175)
Aug_28_2009_Fri_12_36_14_PM/omni_images/002438.jpg, (187, 100), (217, 100), (204, 175), (248, 175)
Aug_28_2009_Fri_12_36_14_PM/omni_images/003377.jpg, (223, 100), (241, 100), (241, 175), (268, 175)
Aug_28_2009_Fri_12_36_14_PM/omni_images/000168.jpg, (263, 100), (282, 100), (261, 175), (289, 175)
Aug_28_2009_Fri_12_36_14_PM/omni_images/001771.jpg, (208, 100), (232, 100), (209, 175), (245, 175)
Aug_28_2009_Fri_12_46_56_PM/omni_images/002491.jpg, (219, 100), (250, 100), (219, 175), (266, 175)
Aug_28_2009_Fri_12_46_56_PM/omni_images/001387.jpg, (244, 100), (287, 100), (222, 175), (283, 175)
Aug_28_2009_Fri_12_46_56_PM/omni_images/000882.jpg, (201, 100), (241, 100), (206, 175), (265, 175)
Aug_28_2009_Fri_12_46_56_PM/omni_images/002629.jpg, (287, 100), (346, 100), (240, 175), (290, 175)
Aug_28_2009_Fri_12_46_56_PM/omni_images/000811.jpg, (123, 100), (191, 100), (193, 175), (251, 175)
Aug_28_2009_Fri_12_46_56_PM/omni_images/004765.jpg, (92, 100), (254, 100), (153, 175), (302, 175)
Aug_28_2009_Fri_12_46_56_PM/omni_images/001739.jpg, (263, 100), (303, 100), (237, 175), (293, 175)
Aug_28_2009_Fri_12_46_56_PM/omni_images/003518.jpg, (170, 100), (206, 100), (179, 175), (233, 175)
Aug_28_2009_Fri_12_46_56_PM/omni_images/001823.jpg, (194, 100), (230, 100), (208, 175), (262, 175)
Aug_28_2009_Fri_12_46_56_PM/omni_images/002974.jpg, (245, 100), (273, 100), (242, 175), (284, 175)
Aug_28_2009_Fri_12_46_56_PM/omni_images/001679.jpg, (232, 100), (276, 100), (214, 175), (278, 175)
Aug_28_2009_Fri_12_46_56_PM/omni_images/002435.jpg, (224, 100), (261, 100), (208, 175), (265, 175)
Aug_28_2009_Fri_12_46_56_PM/omni_images/004462.jpg, (210, 100), (251, 100), (212, 175), (274, 175)
Aug_28_2009_Fri_12_46_56_PM/omni_images/001075.jpg, (161, 100), (207, 100), (193, 175), (259, 175)
Aug_28_2009_Fri_12_46_56_PM/omni_images/003081.jpg, (223, 100), (263, 100), (188, 175), (245, 175)
Aug_28_2009_Fri_12_46_56_PM/omni_images/002928.jpg, (241, 100), (268, 100), (220, 175), (261, 175)
Aug_28_2009_Fri_12_46_56_PM/omni_images/003117.jpg, (294, 100), (343, 100), (228, 175), (289, 175)
Aug_28_2009_Fri_12_46_56_PM/omni_images/001600.jpg, (189, 100), (235, 100), (200, 175), (268, 175)
Aug_28_2009_Fri_12_46_56_PM/omni_images/001850.jpg, (211, 100), (247, 100), (206, 175), (261, 175)
Aug_28_2009_Fri_12_46_56_PM/omni_images/000787.jpg, (125, 100), (190, 100), (198, 175), (262, 175)
Aug_28_2009_Fri_12_46_56_PM/omni_images/002054.jpg, (170, 100), (209, 100), (193, 175), (246, 175)
Aug_28_2009_Fri_12_46_56_PM/omni_images/002789.jpg, (159, 100), (197, 100), (185, 175), (241, 175)
Aug_28_2009_Fri_12_46_56_PM/omni_images/003925.jpg, (228, 100), (289, 100), (199, 175), (285, 175)
Aug_28_2009_Fri_12_46_56_PM/omni_images/002529.jpg, (202, 100), (236, 100), (220, 175), (269, 175)
Aug_28_2009_Fri_12_46_56_PM/omni_images/004146.jpg, (236, 100), (281, 100), (215, 175), (280, 175)
Aug_28_2009_Fri_12_46_56_PM/omni_images/001935.jpg, (213, 100), (250, 100), (212, 175), (269, 175)
Aug_28_2009_Fri_12_46_56_PM/omni_images/001004.jpg, (241, 100), (282, 100), (219, 175), (280, 175)
Aug_28_2009_Fri_12_46_56_PM/omni_images/003230.jpg, (215, 100), (257, 100), (209, 175), (272, 175)
Aug_28_2009_Fri_12_46_56_PM/omni_images/002697.jpg, (202, 100), (238, 100), (196, 175), (252, 175)
Aug_28_2009_Fri_12_46_56_PM/omni_images/001873.jpg, (225, 100), (257, 100), (215, 175), (261, 175)
Aug_28_2009_Fri_12_46_56_PM/omni_images/001298.jpg, (203, 100), (262, 100), (197, 175), (285, 175)
Aug_28_2009_Fri_12_46_56_PM/omni_images/000974.jpg, (240, 100), (278, 100), (212, 175), (265, 175)
Aug_28_2009_Fri_12_46_56_PM/omni_images/002374.jpg, (214, 100), (243, 100), (210, 175), (254, 175)
Aug_28_2009_Fri_12_46_56_PM/omni_images/001485.jpg, (124, 100), (192, 100), (191, 175), (254, 175)
Aug_28_2009_Fri_12_46_56_PM/omni_images/004487.jpg, (225, 100), (264, 100), (224, 175), (285, 175)
Aug_28_2009_Fri_12_46_56_PM/omni_images/003605.jpg, (218, 100), (271, 100), (203, 175), (283, 175)
Aug_28_2009_Fri_12_46_56_PM/omni_images/002101.jpg, (211, 100), (245, 100), (206, 175), (258, 175)
Aug_28_2009_Fri_12_46_56_PM/omni_images/001913.jpg, (223, 100), (260, 100), (220, 175), (275, 175)
Aug_28_2009_Fri_12_46_56_PM/omni_images/000264.jpg, (249, 100), (292, 100), (231, 175), (293, 175)
Aug_28_2009_Fri_12_46_56_PM/omni_images/000344.jpg, (239, 100), (294, 100), (227, 175), (309, 175)
Aug_28_2009_Fri_12_46_56_PM/omni_images/004111.jpg, (239, 100), (292, 100), (216, 175), (292, 175)
Aug_28_2009_Fri_12_46_56_PM/omni_images/005071.jpg, (117, 100), (242, 100), (177, 175), (287, 175)
Aug_28_2009_Fri_12_46_56_PM/omni_images/004914.jpg, (190, 100), (299, 100), (165, 175), (329, 175)
Aug_28_2009_Fri_12_46_56_PM/omni_images/004572.jpg, (220, 100), (260, 100), (219, 175), (280, 175)
Aug_28_2009_Fri_12_46_56_PM/omni_images/004407.jpg, (123, 100), (165, 100), (184, 175), (249, 175)
Aug_28_2009_Fri_12_46_56_PM/omni_images/004449.jpg, (202, 100), (243, 100), (206, 175), (267, 175)
Aug_28_2009_Fri_12_46_56_PM/omni_images/001041.jpg, (246, 100), (287, 100), (240, 175), (302, 175)
Aug_28_2009_Fri_12_46_56_PM/omni_images/003153.jpg, (275, 100), (340, 100), (220, 175), (272, 175)
Aug_28_2009_Fri_12_46_56_PM/omni_images/001214.jpg, (224, 100), (263, 100), (206, 175), (262, 175)
Aug_28_2009_Fri_12_46_56_PM/omni_images/002312.jpg, (279, 100), (347, 100), (233, 175), (286, 175)
Aug_28_2009_Fri_12_46_56_PM/omni_images/003567.jpg, (223, 100), (259, 100), (203, 175), (258, 175)
Aug_28_2009_Fri_12_46_56_PM/omni_images/003484.jpg, (196, 100), (235, 100), (212, 175), (269, 175)
Aug_28_2009_Fri_12_46_56_PM/omni_images/003967.jpg, (234, 100), (297, 100), (198, 175), (283, 175)
Aug_28_2009_Fri_12_46_56_PM/omni_images/005004.jpg, (182, 100), (290, 100), (158, 175), (320, 175)
Aug_28_2009_Fri_12_46_56_PM/omni_images/003006.jpg, (218, 100), (253, 100), (239, 175), (286, 175)
Aug_28_2009_Fri_12_46_56_PM/omni_images/005132.jpg, (256, 100), (301, 100), (256, 175), (326, 175)
Aug_28_2009_Fri_12_46_56_PM/omni_images/000637.jpg, (239, 100), (277, 100), (223, 175), (279, 175)
Aug_28_2009_Fri_12_46_56_PM/omni_images/002878.jpg, (225, 100), (257, 100), (202, 175), (249, 175)
Aug_28_2009_Fri_12_46_56_PM/omni_images/002347.jpg, (244, 100), (283, 100), (227, 175), (280, 175)
Aug_28_2009_Fri_12_46_56_PM/omni_images/004019.jpg, (240, 100), (348, 100), (202, 175), (291, 175)
Aug_28_2009_Fri_12_46_56_PM/omni_images/004306.jpg, (236, 100), (280, 100), (244, 175), (310, 175)
Aug_28_2009_Fri_12_46_56_PM/omni_images/003278.jpg, (178, 100), (223, 100), (211, 175), (272, 175)
Aug_28_2009_Fri_12_46_56_PM/omni_images/003441.jpg, (208, 100), (241, 100), (220, 175), (269, 175)
Aug_28_2009_Fri_12_46_56_PM/omni_images/002166.jpg, (233, 100), (272, 100), (219, 175), (277, 175)
Aug_28_2009_Fri_12_46_56_PM/omni_images/002138.jpg, (211, 100), (246, 100), (204, 175), (256, 175)
Aug_28_2009_Fri_12_46_56_PM/omni_images/004247.jpg, (259, 100), (304, 100), (249, 175), (316, 175)
Aug_28_2009_Fri_12_46_56_PM/omni_images/003319.jpg, (192, 100), (238, 100), (205, 175), (273, 175)
Aug_28_2009_Fri_12_46_56_PM/omni_images/001524.jpg, (181, 100), (221, 100), (208, 175), (263, 175)
Aug_28_2009_Fri_12_46_56_PM/omni_images/000705.jpg, (257, 100), (294, 100), (231, 175), (282, 175)
Aug_28_2009_Fri_12_46_56_PM/omni_images/002564.jpg, (174, 100), (208, 100), (193, 175), (242, 175)
Aug_28_2009_Fri_12_46_56_PM/omni_images/003182.jpg, (245, 100), (280, 100), (219, 175), (268, 175)
Aug_28_2009_Fri_12_46_56_PM/omni_images/004621.jpg, (220, 100), (270, 100), (221, 175), (296, 175)
Aug_28_2009_Fri_12_46_56_PM/omni_images/000751.jpg, (250, 100), (290, 100), (243, 175), (305, 175)
Aug_28_2009_Fri_12_46_56_PM/omni_images/003819.jpg, (214, 100), (275, 100), (194, 175), (283, 175)
Aug_28_2009_Fri_12_46_56_PM/omni_images/002760.jpg, (203, 100), (237, 100), (218, 175), (267, 175)
Aug_28_2009_Fri_12_46_56_PM/omni_images/001990.jpg, (198, 100), (234, 100), (220, 175), (270, 175)
Aug_28_2009_Fri_12_46_56_PM/omni_images/002208.jpg, (226, 100), (263, 100), (234, 175), (292, 175)
Aug_28_2009_Fri_12_46_56_PM/omni_images/004200.jpg, (252, 100), (300, 100), (223, 175), (290, 175)
Aug_28_2009_Fri_12_46_56_PM/omni_images/002601.jpg, (228, 100), (262, 100), (212, 175), (262, 175)
Aug_28_2009_Fri_12_46_56_PM/omni_images/000019.jpg, (227, 100), (273, 100), (208, 175), (274, 175)
Aug_28_2009_Fri_12_46_56_PM/omni_images/004798.jpg, (175, 100), (270, 100), (166, 175), (307, 175)
Aug_28_2009_Fri_12_46_56_PM/omni_images/001112.jpg, (123, 100), (182, 100), (182, 175), (248, 175)
Aug_28_2009_Fri_12_46_56_PM/omni_images/000509.jpg, (247, 100), (307, 100), (210, 175), (303, 175)
Aug_28_2009_Fri_12_46_56_PM/omni_images/002018.jpg, (178, 100), (216, 100), (211, 175), (261, 175)
Aug_28_2009_Fri_12_46_56_PM/omni_images/001786.jpg, (249, 100), (291, 100), (244, 175), (305, 175)
Aug_28_2009_Fri_12_46_56_PM/omni_images/002255.jpg, (195, 100), (231, 100), (187, 175), (242, 175)
Aug_28_2009_Fri_12_46_56_PM/omni_images/004660.jpg, (211, 100), (261, 100), (215, 175), (291, 175)
Aug_28_2009_Fri_12_46_56_PM/omni_images/003052.jpg, (182, 100), (213, 100), (183, 175), (234, 175)
Aug_28_2009_Fri_12_46_56_PM/omni_images/003697.jpg, (230, 100), (295, 100), (209, 175), (306, 175)
Aug_28_2009_Fri_12_46_56_PM/omni_images/004054.jpg, (244, 100), (300, 100), (199, 175), (276, 175)
Aug_28_2009_Fri_12_46_56_PM/omni_images/000597.jpg, (224, 100), (271, 100), (208, 175), (277, 175)
Aug_28_2009_Fri_12_46_56_PM/omni_images/004353.jpg, (124, 100), (162, 100), (229, 175), (277, 175)
Aug_28_2009_Fri_12_46_56_PM/omni_images/002838.jpg, (213, 100), (245, 100), (204, 175), (252, 175)
Aug_28_2009_Fri_12_46_56_PM/omni_images/001275.jpg, (226, 100), (282, 100), (208, 175), (292, 175)
Aug_28_2009_Fri_12_46_56_PM/omni_images/001732.jpg, (276, 100), (348, 100), (247, 175), (301, 175)
Aug_28_2009_Fri_12_46_56_PM/omni_images/001634.jpg, (198, 100), (247, 100), (190, 175), (265, 175)
Aug_28_2009_Fri_12_46_56_PM/omni_images/002400.jpg, (211, 100), (240, 100), (202, 175), (246, 175)
Aug_28_2009_Fri_12_46_56_PM/omni_images/000666.jpg, (223, 100), (266, 100), (212, 175), (275, 175)
Aug_28_2009_Fri_12_46_56_PM/omni_images/002322.jpg, (285, 100), (347, 100), (245, 175), (299, 175)
Aug_28_2009_Fri_12_46_56_PM/omni_images/003202.jpg, (210, 100), (246, 100), (198, 175), (251, 175)
Aug_28_2009_Fri_12_46_56_PM/omni_images/000849.jpg, (176, 100), (217, 100), (204, 175), (260, 175)
Aug_28_2009_Fri_12_46_56_PM/omni_images/000943.jpg, (227, 100), (269, 100), (210, 175), (272, 175)
Aug_28_2009_Fri_12_46_56_PM/omni_images/000922.jpg, (246, 100), (284, 100), (224, 175), (282, 175)
Aug_28_2009_Fri_12_46_56_PM/omni_images/002814.jpg, (192, 100), (226, 100), (190, 175), (241, 175)
Aug_28_2009_Fri_12_46_56_PM/omni_images/003398.jpg, (236, 100), (277, 100), (224, 175), (286, 175)
Aug_28_2009_Fri_12_46_56_PM/omni_images/001563.jpg, (207, 100), (247, 100), (218, 175), (276, 175)
Aug_28_2009_Fri_12_46_56_PM/omni_images/002652.jpg, (268, 100), (303, 100), (243, 175), (292, 175)
Aug_28_2009_Fri_12_46_56_PM/omni_images/000301.jpg, (235, 100), (286, 100), (214, 175), (288, 175)
Aug_28_2009_Fri_12_46_56_PM/omni_images/002292.jpg, (241, 100), (281, 100), (204, 175), (260, 175)
Aug_28_2009_Fri_12_46_56_PM/omni_images/003656.jpg, (225, 100), (284, 100), (198, 175), (285, 175)
Aug_28_2009_Fri_12_46_56_PM/omni_images/003764.jpg, (194, 100), (248, 100), (210, 175), (287, 175)
Aug_28_2009_Fri_12_46_56_PM/omni_images/000561.jpg, (228, 100), (275, 100), (215, 175), (285, 175)
Aug_28_2009_Fri_12_46_56_PM/omni_images/002732.jpg, (212, 100), (248, 100), (215, 175), (268, 175)
Aug_28_2009_Fri_12_46_56_PM/omni_images/002450.jpg, (237, 100), (270, 100), (221, 175), (272, 175)
Aug_28_2009_Fri_12_46_56_PM/omni_images/001342.jpg, (240, 100), (280, 100), (218, 175), (273, 175)
Aug_28_2009_Fri_12_46_56_PM/omni_images/001420.jpg, (257, 100), (299, 100), (232, 175), (291, 175)
Aug_28_2009_Fri_12_46_56_PM/omni_images/004717.jpg, (173, 100), (253, 100), (184, 175), (296, 175)
Aug_28_2009_Fri_12_46_56_PM/omni_images/002317.jpg, (284, 100), (345, 100), (236, 175), (294, 175)
Aug_28_2009_Fri_12_46_56_PM/omni_images/003360.jpg, (203, 100), (257, 100), (190, 175), (270, 175)
