0: (233, 175), (275, 175), (239, 100), (255, 100)
1: (233, 175), (275, 175), (237, 100), (256, 100)
2: (238, 100), (256, 100), (232, 175), (273, 175)
3: (239, 100), (255, 100), (232, 175), (274, 175)
4: (234, 175), (274, 175), (238, 100), (254, 100)
5: (237, 100), (258, 100), (231, 175), (272, 175)
34: (239, 100), (256, 100), (230, 175), (275, 175)
71: (235, 100), (259, 100), (231, 175), (274, 175)
108: (237, 100), (257, 100), (231, 175), (275, 175)
145: (238, 100), (258, 100), (232, 175), (271, 175)
183: (271, 100), (295, 100), (249, 175), (282, 175)
209: (268, 100), (298, 100), (251, 175), (288, 175)
235: (269, 100), (296, 100), (249, 175), (289, 175)
261: (273, 100), (300, 100), (252, 175), (287, 175)
288: (270, 100), (300, 100), (249, 175), (289, 175)
314: (273, 100), (299, 100), (253, 175), (289, 175)
340: (270, 100), (293, 100), (250, 175), (293, 175)
366: (247, 100), (274, 100), (239, 175), (277, 175)
393: (253, 100), (270, 100), (236, 175), (263, 175)
421: (286, 100), (301, 100), (269, 175), (299, 175)
450: (296, 100), (310, 100), (275, 175), (308, 175)
499: (207, 100), (223, 100), (221, 175), (256, 175)
525: (199, 100), (214, 100), (208, 175), (236, 175)
551: (224, 175), (259, 175), (227, 100), (245, 100)
583: (225, 100), (245, 100), (226, 175), (260, 175)
615: (254, 175), (287, 175), (269, 100), (287, 100)
647: (264, 175), (292, 175), (265, 100), (285, 100)
679: (238, 100), (264, 100), (242, 175), (274, 175)
705: (231, 100), (263, 100), (227, 175), (271, 175)
731: (211, 100), (240, 100), (212, 175), (260, 175)
765: (208, 175), (252, 175), (227, 100), (247, 100)
799: (240, 100), (256, 100), (235, 175), (273, 175)
833: (227, 100), (266, 100), (222, 175), (271, 175)
867: (210, 175), (268, 175), (206, 100), (245, 100)
873: (203, 175), (253, 175), (192, 100), (227, 100)
881: (192, 175), (248, 175), (187, 100), (223, 100)
882: (188, 100), (224, 100), (196, 175), (247, 175)
922: (216, 100), (245, 100), (217, 175), (263, 175)
962: (206, 175), (255, 175), (237, 100), (209, 100)
1002: (229, 100), (255, 100), (229, 175), (266, 175)
1043: (224, 100), (241, 100), (233, 175), (266, 175)
1086: (220, 100), (240, 100), (218, 175), (247, 175)
1129: (232, 100), (246, 100), (224, 175), (247, 175)
1159: (247, 100), (262, 100), (240, 175), (263, 175)
1168: (250, 100), (262, 100), (242, 175), (264, 175)
1206: (242, 100), (258, 100), (241, 175), (266, 175)
1244: (224, 175), (246, 175), (212, 100), (233, 100)
1282: (202, 100), (224, 100), (197, 175), (230, 175)
1321: (238, 100), (251, 100), (229, 175), (264, 175)
1359: (224, 175), (247, 175), (219, 100), (237, 100)
1398: (265, 100), (277, 100), (256, 175), (280, 175)
1435: (262, 175), (282, 175), (251, 100), (262, 100)
1453: (246, 175), (266, 175), (222, 100), (233, 100)
1472: (189, 100), (199, 100), (214, 175), (238, 175)
1491: (177, 100), (190, 100), (190, 175), (218, 175)
1507: (134, 175), (165, 175), (115, 100), (127, 100)
1519: (117, 175), (136, 175), (95, 100), (103, 100)
1532: (61, 100), (66, 100), (87, 175), (97, 175)
1780: (234, 175), (252, 175), (231, 100), (242, 100)
1815: (232, 100), (240, 100), (236, 175), (253, 175)
1850: (233, 175), (252, 175), (230, 100), (240, 100)
1888: (232, 100), (241, 100), (237, 175), (250, 175)
1927: (275, 175), (294, 175), (283, 100), (296, 100)
1967: (300, 175), (323, 175), (292, 100), (307, 100)
2004: (300, 175), (324, 175), (290, 100), (301, 100)
2042: (291, 100), (304, 100), (303, 175), (321, 175)
2081: (284, 100), (300, 100), (302, 175), (323, 175)
2120: (261, 175), (295, 175), (230, 100), (257, 100)
2158: (208, 175), (251, 175), (193, 100), (209, 100)
2168: (236, 175), (209, 175), (214, 100), (200, 100)
2204: (233, 175), (257, 175), (240, 100), (254, 100)
2239: (251, 175), (272, 175), (254, 100), (267, 100)
2275: (246, 175), (272, 175), (239, 100), (256, 100)
2311: (225, 175), (257, 175), (219, 100), (238, 100)
2329: (219, 100), (243, 100), (223, 175), (257, 175)
2368: (233, 175), (271, 175), (234, 100), (255, 100)
2405: (232, 175), (261, 175), (234, 100), (246, 100)
2441: (211, 100), (220, 100), (220, 175), (237, 175)
2468: (210, 100), (221, 100), (215, 175), (231, 175)
2495: (219, 100), (204, 100), (199, 175), (229, 175)
2515: (201, 100), (216, 100), (199, 175), (220, 175)
2546: (213, 175), (238, 175), (231, 100), (244, 100)
2577: (247, 175), (268, 175), (260, 100), (277, 100)
2615: (248, 175), (277, 175), (258, 100), (276, 100)
2652: (233, 175), (262, 175), (245, 100), (267, 100)
2689: (242, 175), (279, 175), (262, 100), (291, 100)
2726: (239, 175), (280, 175), (256, 100), (276, 100)
2763: (254, 175), (282, 175), (263, 100), (282, 100)
2766: (252, 175), (286, 175), (260, 100), (281, 100)
2795: (225, 100), (246, 100), (237, 175), (263, 175)
2825: (219, 175), (261, 175), (208, 100), (229, 100)
2853: (223, 175), (258, 175), (214, 100), (243, 100)
2882: (225, 100), (246, 100), (224, 175), (269, 175)
2911: (226, 100), (245, 100), (227, 175), (261, 175)
2940: (226, 175), (264, 175), (229, 100), (251, 100)
2969: (225, 100), (248, 100), (234, 175), (262, 175)
2998: (224, 100), (250, 100), (220, 175), (263, 175)
3047: (229, 100), (249, 100), (236, 175), (269, 175)
3096: (217, 100), (232, 100), (231, 175), (253, 175)
3145: (219, 100), (234, 100), (233, 175), (250, 175)
3194: (228, 175), (250, 175), (219, 100), (232, 100)
3243: (217, 100), (228, 100), (228, 175), (248, 175)
3254: (219, 100), (231, 100), (227, 175), (254, 175)
3292: (223, 100), (232, 100), (230, 175), (252, 175)
3341: (240, 100), (255, 100), (243, 175), (262, 175)
3390: (235, 175), (263, 175), (237, 100), (255, 100)
3439: (250, 100), (269, 100), (244, 175), (276, 175)
3488: (224, 100), (243, 100), (222, 175), (250, 175)
3537: (238, 100), (249, 100), (238, 175), (260, 175)
3586: (239, 175), (269, 175), (233, 100), (249, 100)
3635: (220, 100), (239, 100), (230, 175), (250, 175)
3684: (234, 100), (249, 100), (228, 175), (259, 175)
3733: (232, 100), (247, 100), (232, 175), (258, 175)
3783: (232, 100), (248, 100), (231, 175), (256, 175)
3799: (235, 175), (263, 175), (235, 100), (251, 100)
3803: (235, 100), (253, 100), (234, 175), (263, 175)
3835: (226, 100), (239, 100), (231, 175), (256, 175)
3867: (217, 100), (233, 100), (223, 175), (248, 175)
3899: (224, 175), (256, 175), (223, 100), (242, 100)
3931: (232, 100), (249, 100), (231, 175), (261, 175)
3978: (240, 100), (259, 100), (241, 175), (275, 175)
4026: (243, 175), (271, 175), (244, 100), (263, 100)
4073: (243, 100), (264, 100), (242, 175), (270, 175)
4121: (260, 175), (293, 175), (268, 100), (281, 100)
4166: (234, 100), (258, 100), (242, 175), (279, 175)
4211: (217, 175), (250, 175), (247, 100), (225, 100)
4256: (256, 100), (274, 100), (240, 175), (274, 175)
4301: (233, 100), (257, 100), (235, 175), (268, 175)
4329: (221, 100), (245, 100), (227, 175), (269, 175)
4357: (225, 175), (261, 175), (227, 100), (245, 100)
4385: (232, 175), (258, 175), (233, 100), (249, 100)
4413: (236, 175), (269, 175), (235, 100), (254, 100)
4441: (237, 100), (249, 100), (240, 175), (268, 175)
4469: (236, 100), (248, 100), (240, 175), (264, 175)
4497: (242, 100), (254, 100), (243, 175), (267, 175)
4525: (245, 175), (269, 175), (240, 100), (252, 100)
4553: (233, 100), (248, 100), (239, 175), (261, 175)
4581: (233, 175), (255, 175), (229, 100), (242, 100)
4609: (237, 100), (249, 100), (235, 175), (261, 175)
4637: (250, 175), (273, 175), (249, 100), (261, 100)
4665: (216, 100), (227, 100), (230, 175), (248, 175)
4693: (200, 100), (214, 100), (205, 175), (230, 175)
4721: (199, 100), (215, 100), (201, 175), (225, 175)
4750: (204, 175), (230, 175), (200, 100), (220, 100)
4798: (205, 100), (222, 100), (204, 175), (236, 175)
4847: (212, 175), (244, 175), (254, 100), (238, 100)
4887: (252, 100), (276, 100), (238, 175), (271, 175)
4927: (264, 175), (301, 175), (264, 100), (288, 100)
4964: (220, 100), (241, 100), (231, 175), (262, 175)
5001: (227, 100), (254, 100), (220, 175), (253, 175)
5035: (242, 175), (282, 175), (256, 100), (275, 100)
5038: (256, 100), (275, 100), (244, 175), (282, 175)
5075: (269, 175), (242, 175), (261, 100), (244, 100)
5112: (234, 100), (251, 100), (237, 175), (263, 175)
5149: (240, 175), (264, 175), (239, 100), (251, 100)
5186: (233, 100), (248, 100), (241, 175), (262, 175)
5224: (234, 175), (255, 175), (224, 100), (241, 100)
5271: (223, 100), (243, 100), (234, 175), (253, 175)
5318: (216, 175), (242, 175), (210, 100), (223, 100)
5355: (236, 100), (252, 100), (237, 175), (260, 175)
5393: (252, 175), (286, 175), (254, 100), (280, 100)
5439: (253, 100), (282, 100), (254, 175), (285, 175)
5485: (252, 100), (279, 100), (253, 175), (286, 175)
5531: (217, 100), (250, 100), (231, 175), (272, 175)
5577: (212, 175), (257, 175), (206, 100), (234, 100)
5623: (234, 100), (258, 100), (225, 175), (264, 175)
5669: (241, 100), (263, 100), (236, 175), (278, 175)
5715: (229, 100), (245, 100), (225, 175), (261, 175)
5761: (233, 100), (248, 100), (231, 175), (250, 175)
5790: (231, 100), (246, 100), (227, 175), (249, 175)
5820: (241, 175), (210, 175), (240, 100), (225, 100)
5850: (234, 175), (271, 175), (236, 100), (261, 100)
5880: (243, 100), (264, 100), (240, 175), (274, 175)
5909: (233, 100), (249, 100), (233, 175), (265, 175)
5939: (233, 175), (261, 175), (225, 100), (247, 100)
5969: (229, 100), (252, 100), (215, 175), (262, 175)
5999: (236, 175), (275, 175), (244, 100), (265, 100)
6028: (247, 100), (267, 100), (232, 175), (273, 175)
6058: (250, 100), (274, 100), (242, 175), (275, 175)
6088: (259, 100), (278, 100), (245, 175), (291, 175)
6118: (259, 100), (280, 100), (258, 175), (297, 175)
6148: (234, 100), (267, 100), (246, 175), (292, 175)
6178: (222, 175), (264, 175), (221, 100), (245, 100)
6208: (227, 100), (251, 100), (226, 175), (266, 175)
6238: (236, 175), (275, 175), (242, 100), (263, 100)
6267: (234, 100), (251, 100), (271, 175), (238, 175)
6297: (220, 100), (240, 100), (228, 175), (259, 175)
6320: (224, 175), (269, 175), (212, 100), (236, 100)
6357: (225, 100), (253, 100), (238, 175), (264, 175)
6386: (217, 175), (254, 175), (207, 100), (229, 100)
6416: (227, 100), (244, 100), (227, 175), (249, 175)
6446: (265, 100), (303, 100), (263, 175), (304, 175)
6476: (260, 175), (304, 175), (263, 100), (302, 100)
6505: (264, 100), (301, 100), (262, 175), (305, 175)
6535: (261, 175), (300, 175), (257, 100), (298, 100)
6565: (223, 100), (255, 100), (232, 175), (284, 175)
6595: (193, 100), (246, 100), (208, 175), (264, 175)
6625: (221, 100), (265, 100), (202, 175), (280, 175)
6655: (229, 100), (265, 100), (287, 175), (220, 175)
6685: (228, 100), (265, 100), (215, 175), (294, 175)
6715: (225, 100), (266, 100), (213, 175), (301, 175)
6750: (250, 100), (290, 100), (250, 175), (312, 175)
6786: (216, 100), (241, 100), (209, 175), (284, 175)
6819: (214, 175), (254, 175), (207, 100), (239, 100)
6853: (236, 100), (255, 100), (220, 175), (266, 175)
6887: (237, 175), (280, 175), (253, 100), (280, 100)
6921: (275, 175), (244, 175), (262, 100), (274, 100)
6954: (290, 100), (311, 100), (288, 175), (313, 175)
6988: (288, 100), (317, 100), (289, 175), (319, 175)
7022: (293, 100), (318, 100), (290, 175), (319, 175)
7056: (258, 100), (288, 100), (264, 175), (305, 175)
7091: (210, 175), (249, 175), (198, 100), (219, 100)
7127: (236, 100), (256, 100), (258, 175), (222, 175)
7162: (252, 100), (273, 100), (245, 175), (280, 175)
7198: (219, 175), (249, 175), (211, 100), (231, 100)
7225: (197, 175), (226, 175), (196, 100), (212, 100)
7253: (236, 100), (252, 100), (227, 175), (254, 175)
7280: (250, 100), (272, 100), (245, 175), (275, 175)
7308: (243, 175), (282, 175), (235, 100), (256, 100)
7355: (214, 100), (235, 100), (219, 175), (256, 175)
7403: (239, 175), (285, 175), (254, 100), (281, 100)
7451: (238, 100), (265, 100), (237, 175), (277, 175)
7499: (236, 100), (256, 100), (221, 175), (263, 175)
7543: (258, 100), (285, 100), (240, 175), (279, 175)
7588: (231, 175), (279, 175), (250, 100), (285, 100)
7633: (241, 100), (295, 100), (228, 175), (288, 175)
7678: (209, 175), (306, 175), (234, 100), (305, 100)
7722: (241, 100), (303, 100), (311, 175), (214, 175)
7767: (307, 175), (216, 175), (241, 100), (300, 100)
7812: (278, 100), (218, 100), (288, 175), (201, 175)
7857: (191, 175), (276, 175), (199, 100), (251, 100)
7900: (222, 100), (267, 100), (206, 175), (285, 175)
7943: (224, 100), (261, 100), (220, 175), (283, 175)
7972: (203, 100), (248, 100), (207, 175), (260, 175)
8001: (220, 100), (252, 100), (265, 175), (217, 175)
8030: (247, 100), (258, 100), (269, 175), (303, 175)
8059: (240, 175), (287, 175), (214, 100), (242, 100)
8088: (193, 100), (240, 100), (211, 175), (275, 175)
8117: (193, 100), (243, 100), (199, 175), (269, 175)
8146: (222, 100), (266, 100), (219, 175), (292, 175)
8176: (217, 175), (286, 175), (223, 100), (256, 100)
8225: (233, 100), (253, 100), (222, 175), (267, 175)
8274: (241, 100), (272, 100), (224, 175), (283, 175)
8323: (255, 100), (288, 100), (244, 175), (294, 175)
8372: (232, 175), (284, 175), (233, 100), (268, 100)
8412: (202, 100), (235, 100), (201, 175), (259, 175)
8452: (221, 100), (263, 100), (207, 175), (268, 175)
8492: (226, 100), (269, 100), (203, 175), (273, 175)
8533: (195, 100), (256, 100), (172, 175), (258, 175)
8572: (210, 100), (276, 100), (172, 175), (280, 175)
8619: (238, 100), (277, 100), (226, 175), (290, 175)
8666: (273, 175), (220, 175), (227, 100), (262, 100)
8705: (223, 100), (266, 100), (281, 175), (211, 175)
8744: (218, 175), (291, 175), (230, 100), (273, 100)
8752: (222, 175), (300, 175), (227, 100), (283, 100)
8787: (224, 175), (305, 175), (230, 100), (277, 100)
8823: (195, 175), (318, 175), (199, 100), (282, 100)
8837: (210, 100), (290, 100), (194, 175), (322, 175)
8879: (220, 100), (282, 100), (230, 175), (312, 175)
8922: (205, 175), (278, 175), (200, 100), (255, 100)
8964: (206, 100), (261, 100), (195, 175), (276, 175)
9007: (320, 100), (267, 100), (243, 175), (318, 175)
9049: (249, 100), (305, 100), (235, 175), (322, 175)
9092: (207, 100), (246, 100), (193, 175), (281, 175)
9130: (216, 100), (279, 100), (201, 175), (293, 175)
9169: (222, 175), (306, 175), (239, 100), (288, 100)
9201: (231, 100), (268, 100), (219, 175), (281, 175)
9234: (263, 175), (210, 175), (255, 100), (223, 100)
9267: (228, 100), (270, 100), (206, 175), (270, 175)
9300: (246, 100), (276, 100), (233, 175), (282, 175)
9328: (221, 100), (255, 100), (217, 175), (267, 175)
9357: (191, 175), (260, 175), (196, 100), (230, 100)
9386: (201, 100), (230, 100), (197, 175), (246, 175)
9415: (199, 100), (236, 100), (194, 175), (242, 175)
9446: (211, 175), (258, 175), (224, 100), (255, 100)
9478: (257, 175), (295, 175), (271, 100), (301, 100)
9509: (223, 100), (258, 100), (227, 175), (276, 175)
9541: (195, 175), (257, 175), (207, 100), (240, 100)
9573: (245, 175), (295, 175), (272, 100), (313, 100)
9601: (258, 100), (298, 100), (244, 175), (299, 175)
9630: (249, 175), (310, 175), (265, 100), (303, 100)
9658: (201, 100), (234, 100), (224, 175), (282, 175)
9687: (202, 175), (256, 175), (193, 100), (234, 100)
9714: (289, 175), (207, 175), (276, 100), (210, 100)
9741: (184, 100), (256, 100), (184, 175), (285, 175)
9768: (282, 175), (207, 175), (246, 100), (184, 100)
9796: (194, 175), (300, 175), (172, 100), (237, 100)
9840: (172, 100), (216, 100), (167, 175), (253, 175)
9885: (159, 100), (227, 100), (256, 175), (165, 175)
9910: (148, 175), (262, 175), (156, 100), (222, 100)
9936: (159, 100), (213, 100), (249, 175), (154, 175)
9963: (193, 100), (260, 100), (163, 175), (274, 175)
9990: (213, 100), (260, 100), (185, 175), (264, 175)
10017: (206, 175), (284, 175), (219, 100), (278, 100)
10064: (218, 100), (261, 100), (281, 175), (202, 175)
10111: (220, 100), (242, 100), (209, 175), (276, 175)
10160: (203, 175), (266, 175), (203, 100), (237, 100)
10194: (203, 175), (264, 175), (200, 100), (234, 100)
10229: (201, 100), (234, 100), (205, 175), (261, 175)
10264: (203, 100), (245, 100), (207, 175), (268, 175)
10299: (217, 175), (285, 175), (211, 100), (259, 100)
10319: (204, 100), (240, 100), (206, 175), (278, 175)
10356: (193, 100), (225, 100), (214, 175), (255, 175)
10393: (227, 100), (273, 100), (226, 175), (290, 175)
10430: (238, 100), (288, 100), (241, 175), (308, 175)
10468: (160, 175), (242, 175), (165, 100), (216, 100)
10505: (246, 100), (289, 100), (210, 175), (285, 175)
10542: (259, 100), (286, 100), (248, 175), (306, 175)
10579: (219, 100), (243, 100), (235, 175), (282, 175)
10617: (171, 175), (250, 175), (171, 100), (216, 100)
10654: (175, 100), (214, 100), (175, 175), (231, 175)
10691: (238, 175), (173, 175), (174, 100), (216, 100)
10728: (189, 100), (227, 100), (182, 175), (241, 175)
10766: (253, 100), (293, 100), (234, 175), (295, 175)
10803: (237, 100), (273, 100), (217, 175), (281, 175)
10840: (213, 100), (251, 100), (198, 175), (258, 175)
10877: (236, 100), (274, 100), (205, 175), (265, 175)
10915: (222, 100), (261, 100), (209, 175), (262, 175)
10942: (211, 100), (245, 100), (198, 175), (252, 175)
10970: (223, 175), (279, 175), (238, 100), (276, 100)
11010: (231, 100), (262, 100), (230, 175), (287, 175)
11051: (216, 175), (257, 175), (203, 100), (231, 100)
11091: (214, 100), (239, 100), (217, 175), (250, 175)
11132: (227, 100), (255, 100), (264, 175), (219, 175)
11172: (227, 100), (259, 100), (223, 175), (269, 175)
11213: (226, 100), (262, 100), (224, 175), (268, 175)
11254: (200, 100), (242, 100), (203, 175), (255, 175)
11295: (204, 175), (257, 175), (211, 100), (251, 100)
11300: (205, 175), (259, 175), (212, 100), (253, 100)
11334: (241, 100), (267, 100), (214, 175), (276, 175)
11368: (270, 100), (296, 100), (257, 175), (303, 175)
11402: (258, 175), (296, 175), (270, 100), (242, 100)
11437: (194, 100), (218, 100), (214, 175), (259, 175)
11470: (227, 175), (266, 175), (219, 100), (237, 100)
11504: (216, 100), (234, 100), (230, 175), (264, 175)
11537: (218, 100), (236, 100), (231, 175), (264, 175)
11571: (233, 175), (262, 175), (218, 100), (234, 100)
11604: (224, 175), (251, 175), (204, 100), (222, 100)
11638: (236, 100), (251, 100), (245, 175), (269, 175)
11672: (265, 100), (285, 100), (271, 175), (302, 175)
11706: (273, 175), (296, 175), (267, 100), (285, 100)
11749: (263, 100), (281, 100), (270, 175), (296, 175)
11792: (222, 175), (256, 175), (190, 100), (222, 100)
11836: (180, 100), (194, 100), (203, 175), (238, 175)
11881: (236, 175), (206, 175), (197, 100), (183, 100)
11925: (187, 100), (203, 100), (207, 175), (240, 175)
11970: (186, 175), (244, 175), (185, 100), (221, 100)
12014: (227, 100), (252, 100), (211, 175), (254, 175)
12059: (225, 100), (244, 100), (260, 175), (225, 175)
12103: (227, 100), (251, 100), (223, 175), (256, 175)
12148: (234, 100), (257, 100), (226, 175), (264, 175)
12192: (268, 100), (292, 100), (265, 175), (301, 175)
12236: (209, 100), (239, 100), (242, 175), (277, 175)
12280: (184, 100), (239, 100), (231, 175), (269, 175)
12325: (184, 175), (277, 175), (141, 100), (237, 100)
12369: (142, 100), (192, 100), (157, 175), (237, 175)
12414: (233, 175), (162, 175), (188, 100), (143, 100)
12458: (144, 100), (193, 100), (155, 175), (233, 175)
12503: (181, 175), (260, 175), (185, 100), (235, 100)
12547: (217, 100), (247, 100), (203, 175), (274, 175)
12592: (208, 175), (255, 175), (213, 100), (251, 100)
12636: (212, 100), (251, 100), (207, 175), (258, 175)
12681: (199, 175), (252, 175), (209, 100), (245, 100)
12725: (209, 100), (244, 100), (194, 175), (240, 175)
12770: (226, 100), (272, 100), (220, 175), (280, 175)
12811: (132, 100), (164, 100), (171, 175), (251, 175)
12859: (146, 100), (216, 100), (169, 175), (256, 175)
12910: (224, 100), (148, 100), (258, 175), (163, 175)
12936: (254, 175), (164, 175), (221, 100), (144, 100)
12962: (243, 100), (159, 100), (263, 175), (169, 175)
12988: (263, 175), (177, 175), (231, 100), (159, 100)
13014: (241, 100), (166, 100), (260, 175), (172, 175)
13040: (254, 175), (179, 175), (228, 100), (163, 100)
13066: (262, 175), (179, 175), (244, 100), (167, 100)
13117: (204, 100), (261, 100), (283, 175), (190, 175)
13143: (229, 175), (170, 175), (211, 100), (174, 100)
13169: (272, 175), (160, 175), (245, 100), (159, 100)
13195: (224, 100), (272, 100), (184, 175), (249, 175)
13221: (307, 100), (348, 100), (243, 175), (309, 175)
13247: (240, 175), (288, 175), (256, 100), (296, 100)
13273: (187, 175), (246, 175), (192, 100), (236, 100)
13276: (187, 100), (233, 100), (181, 175), (240, 175)
13302: (188, 100), (222, 100), (175, 175), (226, 175)
13328: (217, 100), (258, 100), (172, 175), (248, 175)
13354: (235, 100), (272, 100), (213, 175), (273, 175)
13380: (199, 175), (260, 175), (253, 100), (214, 100)
13406: (226, 100), (261, 100), (210, 175), (266, 175)
13432: (241, 100), (273, 100), (216, 175), (282, 175)
13458: (218, 100), (249, 100), (210, 175), (258, 175)
13484: (201, 175), (250, 175), (211, 100), (246, 100)
13510: (225, 100), (263, 100), (210, 175), (266, 175)
13536: (242, 100), (266, 100), (217, 175), (267, 175)
13562: (228, 100), (261, 100), (203, 175), (260, 175)
13588: (234, 100), (285, 100), (281, 175), (215, 175)
13641: (238, 100), (293, 100), (206, 175), (306, 175)
13693: (195, 100), (244, 100), (174, 175), (247, 175)
13744: (259, 100), (295, 100), (297, 175), (230, 175)
13796: (188, 100), (232, 100), (163, 175), (238, 175)
13838: (245, 100), (296, 100), (217, 175), (290, 175)
13880: (300, 175), (223, 175), (242, 100), (295, 100)
13922: (205, 100), (257, 100), (192, 175), (259, 175)
13964: (179, 175), (262, 175), (195, 100), (251, 100)
14010: (206, 100), (250, 100), (181, 175), (245, 175)
14056: (226, 175), (292, 175), (241, 100), (285, 100)
14102: (238, 100), (277, 100), (204, 175), (289, 175)
14148: (202, 175), (271, 175), (233, 100), (270, 100)
14194: (263, 100), (298, 100), (300, 175), (231, 175)
14240: (273, 175), (209, 175), (219, 100), (253, 100)
14286: (211, 100), (247, 100), (202, 175), (259, 175)
14332: (233, 100), (280, 100), (209, 175), (286, 175)
14365: (209, 100), (254, 100), (197, 175), (272, 175)
14399: (209, 175), (282, 175), (224, 100), (277, 100)
14432: (254, 100), (298, 100), (229, 175), (308, 175)
14466: (304, 175), (220, 175), (277, 100), (231, 100)
14499: (219, 100), (266, 100), (207, 175), (289, 175)
14533: (231, 100), (263, 100), (217, 175), (272, 175)
14566: (224, 100), (259, 100), (223, 175), (281, 175)
14600: (199, 175), (243, 175), (190, 100), (217, 100)
14633: (261, 175), (174, 175), (252, 100), (178, 100)
14667: (170, 100), (249, 100), (164, 175), (257, 175)
14700: (185, 100), (247, 100), (180, 175), (253, 175)
14734: (271, 100), (206, 100), (268, 175), (192, 175)
14767: (233, 100), (290, 100), (221, 175), (297, 175)
14801: (238, 100), (293, 100), (241, 175), (327, 175)
14835: (245, 175), (331, 175), (239, 100), (289, 100)
14869: (179, 100), (254, 100), (213, 175), (303, 175)
14921: (130, 100), (197, 100), (155, 175), (259, 175)
14974: (194, 100), (128, 100), (265, 175), (150, 175)
15027: (247, 175), (147, 175), (188, 100), (130, 100)
15080: (299, 175), (215, 175), (279, 100), (223, 100)
15100: (299, 175), (222, 175), (271, 100), (226, 100)
15144: (250, 175), (168, 175), (234, 100), (195, 100)
15188: (248, 175), (155, 175), (239, 100), (196, 100)
15231: (267, 175), (202, 175), (228, 100), (269, 100)
15277: (259, 175), (191, 175), (261, 100), (218, 100)
15304: (233, 100), (274, 100), (204, 175), (270, 175)
15332: (289, 175), (224, 175), (291, 100), (250, 100)
15364: (228, 100), (262, 100), (211, 175), (275, 175)
15396: (260, 175), (204, 175), (245, 100), (214, 100)
15426: (211, 100), (240, 100), (198, 175), (254, 175)
15457: (187, 175), (244, 175), (198, 100), (226, 100)
15490: (200, 100), (228, 100), (190, 175), (240, 175)
15523: (197, 100), (225, 100), (185, 175), (239, 175)
15556: (166, 100), (196, 100), (164, 175), (205, 175)
15590: (261, 175), (213, 175), (281, 100), (248, 100)
15623: (258, 100), (288, 100), (238, 175), (283, 175)
15657: (278, 175), (230, 175), (265, 100), (234, 100)
15709: (241, 175), (191, 175), (232, 100), (203, 100)
15741: (229, 100), (259, 100), (215, 175), (269, 175)
15755: (228, 100), (253, 100), (217, 175), (258, 175)
15801: (197, 175), (244, 175), (195, 100), (225, 100)
15840: (235, 100), (265, 100), (268, 175), (223, 175)
15879: (263, 175), (221, 175), (244, 100), (216, 100)
15926: (230, 100), (260, 100), (289, 175), (234, 175)
15973: (285, 175), (243, 175), (257, 100), (230, 100)
16009: (226, 100), (255, 100), (232, 175), (277, 175)
16045: (214, 100), (248, 100), (217, 175), (265, 175)
16076: (223, 100), (257, 100), (211, 175), (261, 175)
16107: (237, 100), (273, 100), (218, 175), (273, 175)
16138: (222, 100), (261, 100), (204, 175), (266, 175)
16170: (289, 175), (229, 175), (292, 100), (253, 100)
16218: (235, 100), (283, 100), (299, 175), (221, 175)
16267: (272, 175), (194, 175), (256, 100), (209, 100)
16314: (230, 100), (271, 100), (286, 175), (211, 175)
16361: (286, 175), (225, 175), (256, 100), (221, 100)
16371: (219, 175), (288, 175), (208, 100), (249, 100)
16399: (225, 175), (284, 175), (227, 100), (258, 100)
16428: (274, 175), (237, 175), (248, 100), (226, 100)
16466: (207, 100), (256, 100), (207, 175), (281, 175)
16505: (281, 175), (208, 175), (265, 100), (219, 100)
16548: (234, 100), (277, 100), (219, 175), (289, 175)
16592: (271, 175), (203, 175), (224, 100), (261, 100)
16636: (250, 100), (293, 100), (251, 175), (306, 175)
16680: (208, 175), (274, 175), (190, 100), (236, 100)
16698: (179, 100), (232, 100), (194, 175), (265, 175)
16741: (224, 100), (265, 100), (207, 175), (282, 175)
16785: (293, 175), (225, 175), (280, 100), (231, 100)
16835: (254, 175), (192, 175), (241, 100), (211, 100)
16886: (302, 175), (232, 175), (307, 100), (259, 100)
16916: (269, 175), (195, 175), (255, 100), (209, 100)
16966: (273, 175), (218, 175), (255, 100), (276, 100)
16997: (251, 100), (302, 100), (241, 175), (305, 175)
17029: (258, 175), (183, 175), (232, 100), (182, 100)
17063: (287, 175), (210, 175), (221, 100), (274, 100)
17093: (205, 100), (263, 100), (219, 175), (297, 175)
17123: (292, 175), (187, 175), (241, 100), (172, 100)
17150: (281, 175), (196, 175), (225, 100), (147, 100)
17177: (154, 100), (234, 100), (199, 175), (290, 175)
17208: (157, 100), (233, 100), (207, 175), (290, 175)
17239: (158, 100), (232, 100), (192, 175), (290, 175)
17270: (168, 100), (238, 100), (192, 175), (288, 175)
17301: (170, 100), (258, 100), (181, 175), (294, 175)
17318: (314, 175), (218, 175), (283, 100), (219, 100)
17346: (192, 175), (304, 175), (205, 100), (262, 100)
17383: (252, 175), (162, 175), (226, 100), (168, 100)
17423: (173, 100), (222, 100), (249, 175), (169, 175)
17463: (247, 175), (157, 175), (166, 100), (221, 100)
17503: (212, 100), (263, 100), (250, 175), (168, 175)
17544: (219, 175), (312, 175), (282, 100), (342, 100)
17580: (232, 100), (298, 100), (213, 175), (298, 175)
17617: (167, 175), (258, 175), (195, 100), (261, 100)
17637: (285, 175), (175, 175), (211, 100), (287, 100)
17676: (216, 175), (330, 175), (260, 100), (339, 100)
17690: (255, 100), (328, 100), (216, 175), (325, 175)
17717: (252, 100), (308, 100), (224, 175), (328, 175)
17744: (207, 100), (279, 100), (302, 175), (199, 175)
17773: (194, 100), (268, 100), (192, 175), (289, 175)
17792: (189, 100), (251, 100), (300, 175), (191, 175)
17828: (148, 175), (256, 175), (143, 100), (234, 100)
17869: (183, 100), (316, 100), (336, 175), (150, 175)
17903: (177, 175), (340, 175), (333, 100), (212, 100)
17937: (150, 175), (329, 175), (184, 100), (313, 100)
17980: (169, 175), (334, 175), (230, 100), (305, 100)
18129: (58, 175), (262, 175), (122, 100), (208, 100)
18147: (67, 175), (270, 175), (135, 100), (213, 100)
18479: (289, 175), (220, 175), (174, 100), (211, 100)
18480: (185, 100), (222, 100), (226, 175), (296, 175)
18507: (304, 175), (231, 175), (281, 100), (228, 100)
18534: (225, 100), (252, 100), (203, 175), (264, 175)
18562: (239, 100), (278, 100), (220, 175), (270, 175)
18589: (245, 100), (277, 100), (209, 175), (263, 175)
18617: (285, 175), (215, 175), (294, 100), (241, 100)
18648: (240, 100), (303, 100), (216, 175), (295, 175)
18679: (193, 175), (282, 175), (190, 100), (258, 100)
18774: (247, 175), (145, 175), (177, 100), (133, 100)
18820: (309, 175), (227, 175), (305, 100), (253, 100)
18853: (307, 175), (225, 175), (281, 100), (232, 100)
18896: (238, 100), (190, 100), (178, 175), (253, 175)
18923: (231, 100), (258, 100), (197, 175), (249, 175)
18950: (240, 100), (275, 100), (213, 175), (266, 175)
18977: (231, 100), (267, 100), (228, 175), (283, 175)
19005: (280, 175), (212, 175), (279, 100), (234, 100)
19033: (298, 100), (251, 100), (287, 175), (213, 175)
19072: (275, 175), (339, 175), (284, 100), (325, 100)
19095: (316, 175), (248, 175), (299, 100), (254, 100)
19122: (240, 100), (277, 100), (266, 175), (318, 175)
19150: (244, 100), (277, 100), (314, 175), (260, 175)
19177: (243, 100), (278, 100), (261, 175), (313, 175)
19205: (322, 175), (242, 175), (273, 100), (228, 100)
19243: (245, 175), (324, 175), (226, 100), (275, 100)
19288: (229, 100), (273, 100), (258, 175), (319, 175)
19321: (228, 100), (272, 100), (253, 175), (318, 175)
19354: (262, 175), (322, 175), (234, 100), (267, 100)
19387: (217, 175), (278, 175), (203, 100), (241, 100)
19421: (205, 100), (235, 100), (220, 175), (266, 175)
19468: (213, 175), (269, 175), (203, 100), (235, 100)
19500: (204, 100), (236, 100), (221, 175), (270, 175)
19532: (266, 175), (223, 175), (224, 100), (198, 100)
19564: (167, 100), (209, 100), (194, 175), (263, 175)
19597: (210, 100), (175, 100), (256, 175), (195, 175)
19629: (199, 175), (252, 175), (194, 100), (226, 100)
19661: (240, 175), (188, 175), (217, 100), (246, 100)
19693: (227, 100), (268, 100), (190, 175), (265, 175)
19726: (191, 175), (256, 175), (260, 100), (215, 100)
19762: (229, 100), (273, 100), (206, 175), (263, 175)
19799: (254, 175), (308, 175), (323, 100), (280, 100)
19835: (243, 100), (284, 100), (220, 175), (281, 175)
19872: (308, 175), (221, 175), (303, 100), (253, 100)
19908: (240, 175), (309, 175), (295, 100), (245, 100)
19945: (240, 175), (297, 175), (284, 100), (239, 100)
19982: (236, 175), (317, 175), (281, 100), (233, 100)
20019: (194, 175), (318, 175), (259, 100), (202, 100)
20231: (190, 175), (307, 175), (261, 100), (202, 100)
20280: (202, 100), (264, 100), (217, 175), (310, 175)
20329: (275, 100), (239, 100), (273, 175), (209, 175)
20378: (234, 100), (270, 100), (210, 175), (276, 175)
20428: (227, 175), (306, 175), (343, 100), (289, 100)
20463: (288, 100), (321, 100), (252, 175), (325, 175)
20499: (272, 175), (323, 175), (282, 100), (256, 100)
20535: (175, 100), (207, 100), (216, 175), (275, 175)
20571: (231, 175), (307, 175), (232, 100), (264, 100)
20614: (295, 175), (222, 175), (202, 100), (250, 100)
20645: (183, 175), (254, 175), (125, 100), (176, 100)
20677: (112, 100), (142, 100), (196, 175), (135, 175)
20709: (103, 100), (155, 100), (137, 175), (214, 175)
20741: (130, 175), (214, 175), (105, 100), (160, 100)
20773: (244, 175), (171, 175), (224, 100), (173, 100)
20805: (283, 100), (313, 100), (240, 175), (297, 175)
20837: (265, 100), (306, 100), (236, 175), (290, 175)
20869: (212, 175), (279, 175), (239, 100), (275, 100)
20901: (209, 175), (264, 175), (249, 100), (271, 100)
20933: (264, 100), (294, 100), (223, 175), (275, 175)
20965: (258, 100), (298, 100), (213, 175), (273, 175)
20997: (239, 100), (268, 100), (220, 175), (278, 175)
21029: (190, 100), (222, 100), (207, 175), (258, 175)
21061: (172, 175), (228, 175), (178, 100), (205, 100)
21093: (215, 175), (266, 175), (246, 100), (278, 100)
21126: (298, 100), (338, 100), (329, 175), (253, 175)
21171: (312, 100), (346, 100), (264, 175), (314, 175)
21216: (268, 175), (328, 175), (305, 100), (343, 100)
21246: (285, 100), (323, 100), (338, 175), (269, 175)
21275: (218, 100), (256, 100), (239, 175), (298, 175)
21304: (218, 100), (247, 100), (221, 175), (296, 175)
21333: (187, 100), (221, 100), (272, 175), (212, 175)
21363: (205, 175), (272, 175), (195, 100), (226, 100)
21384: (203, 175), (274, 175), (191, 100), (226, 100)
21414: (197, 100), (226, 100), (228, 175), (273, 175)
21445: (264, 175), (200, 175), (234, 100), (197, 100)
21475: (223, 175), (276, 175), (198, 100), (228, 100)
21506: (252, 175), (308, 175), (221, 100), (252, 100)
21536: (163, 100), (188, 100), (212, 175), (268, 175)
21567: (144, 100), (173, 100), (151, 175), (216, 175)
21597: (143, 100), (168, 100), (144, 175), (216, 175)
21628: (137, 100), (176, 100), (135, 175), (206, 175)
21639: (142, 100), (182, 100), (136, 175), (206, 175)
21680: (150, 100), (180, 100), (138, 175), (180, 175)
21722: (232, 175), (172, 175), (246, 100), (214, 100)
21767: (211, 175), (273, 175), (230, 100), (266, 100)
21805: (179, 175), (256, 175), (205, 100), (242, 100)
21841: (217, 175), (269, 175), (250, 100), (292, 100)
21873: (214, 175), (275, 175), (251, 100), (284, 100)
21888: (208, 175), (266, 175), (237, 100), (274, 100)
21920: (206, 100), (246, 100), (189, 175), (251, 175)
21952: (200, 175), (260, 175), (223, 100), (265, 100)
21971: (225, 175), (294, 175), (249, 100), (305, 100)
22009: (247, 175), (299, 175), (286, 100), (244, 100)
22048: (223, 175), (280, 175), (215, 100), (251, 100)
22085: (226, 175), (287, 175), (215, 100), (268, 100)
22120: (201, 175), (302, 175), (167, 100), (225, 100)
22169: (199, 175), (256, 175), (233, 100), (264, 100)
22212: (241, 175), (333, 175), (363, 100), (384, 100)
22258: (367, 100), (383, 100), (251, 175), (340, 175)
22304: (336, 100), (358, 100), (264, 175), (330, 175)
22345: (223, 100), (255, 100), (226, 175), (283, 175)
22387: (225, 175), (284, 175), (214, 100), (251, 100)
22418: (210, 175), (278, 175), (196, 100), (230, 100)
22449: (180, 100), (211, 100), (192, 175), (242, 175)
22480: (178, 100), (209, 100), (171, 175), (225, 175)
22512: (239, 100), (279, 100), (205, 175), (262, 175)
22543: (255, 175), (322, 175), (320, 100), (366, 100)
22574: (278, 100), (315, 100), (262, 175), (317, 175)
22605: (258, 100), (293, 100), (237, 175), (303, 175)
22637: (213, 175), (276, 175), (217, 100), (259, 100)
22674: (259, 100), (297, 100), (317, 175), (215, 175)
22711: (241, 175), (302, 175), (259, 100), (220, 100)
22748: (141, 100), (188, 100), (190, 175), (274, 175)
22785: (154, 175), (233, 175), (181, 100), (220, 100)
22889: (249, 175), (329, 175), (321, 100), (369, 100)
22929: (244, 100), (283, 100), (231, 175), (301, 175)
22970: (195, 100), (236, 100), (185, 175), (258, 175)
23007: (217, 100), (266, 100), (212, 175), (301, 175)
23045: (293, 175), (202, 175), (158, 100), (225, 100)
23088: (157, 175), (266, 175), (150, 100), (198, 100)
23120: (182, 175), (257, 175), (219, 100), (261, 100)
23157: (302, 100), (335, 100), (246, 175), (327, 175)
23195: (266, 100), (296, 100), (272, 175), (323, 175)
23233: (264, 100), (295, 100), (272, 175), (330, 175)
23271: (274, 175), (323, 175), (267, 100), (294, 100)
23308: (216, 175), (270, 175), (190, 100), (231, 100)
23346: (223, 100), (173, 100), (252, 175), (181, 175)
23383: (202, 100), (238, 100), (271, 175), (193, 175)
23421: (186, 100), (221, 100), (193, 175), (259, 175)
23458: (228, 100), (276, 100), (211, 175), (302, 175)
23496: (301, 100), (229, 100), (199, 175), (291, 175)
23534: (253, 100), (330, 100), (206, 175), (318, 175)
23572: (284, 100), (344, 100), (233, 175), (337, 175)
23599: (235, 100), (295, 100), (217, 175), (307, 175)
23626: (163, 100), (228, 100), (187, 175), (288, 175)
23653: (141, 100), (222, 100), (179, 175), (282, 175)
23680: (285, 175), (168, 175), (175, 100), (233, 100)
23707: (182, 100), (249, 100), (164, 175), (278, 175)
23734: (226, 100), (303, 100), (185, 175), (272, 175)
23761: (263, 100), (323, 100), (213, 175), (308, 175)
23788: (304, 175), (176, 175), (257, 100), (315, 100)
23822: (190, 175), (261, 175), (239, 100), (283, 100)
23856: (249, 100), (302, 100), (280, 175), (205, 175)
23890: (264, 100), (297, 100), (218, 175), (279, 175)
23925: (272, 175), (210, 175), (284, 100), (254, 100)
23959: (243, 175), (305, 175), (288, 100), (323, 100)
23993: (297, 100), (260, 100), (285, 175), (228, 175)
24027: (227, 175), (284, 175), (255, 100), (291, 100)
24062: (270, 100), (317, 100), (247, 175), (313, 175)
24092: (227, 100), (278, 100), (205, 175), (300, 175)
24122: (265, 100), (222, 100), (286, 175), (216, 175)
24152: (212, 100), (258, 100), (232, 175), (303, 175)
24182: (242, 175), (316, 175), (187, 100), (241, 100)
24271: (123, 175), (215, 175), (52, 100), (88, 100)
24315: (53, 100), (87, 100), (131, 175), (211, 175)
24360: (198, 100), (238, 100), (205, 175), (268, 175)
24410: (232, 100), (264, 100), (265, 175), (213, 175)
24460: (220, 175), (271, 175), (211, 100), (254, 100)
24510: (164, 175), (299, 175), (159, 100), (278, 100)
24560: (149, 100), (247, 100), (124, 175), (292, 175)
24610: (228, 100), (289, 100), (169, 175), (321, 175)
24660: (201, 100), (305, 100), (180, 175), (336, 175)
24710: (184, 100), (293, 100), (166, 175), (327, 175)
24760: (180, 100), (291, 100), (152, 175), (321, 175)
24767: (191, 100), (298, 100), (161, 175), (329, 175)
24810: (198, 100), (301, 100), (177, 175), (333, 175)
24860: (148, 175), (313, 175), (182, 100), (238, 100)
24910: (184, 100), (226, 100), (200, 175), (277, 175)
24960: (282, 175), (218, 175), (264, 100), (220, 100)
25010: (269, 100), (221, 100), (218, 175), (296, 175)
25060: (149, 175), (230, 175), (170, 100), (224, 100)
25110: (168, 100), (235, 100), (142, 175), (233, 175)
25161: (134, 175), (221, 175), (220, 100), (160, 100)
25207: (179, 100), (210, 100), (130, 175), (182, 175)
25253: (147, 175), (197, 175), (201, 100), (230, 100)
25299: (196, 100), (224, 100), (148, 175), (188, 175)
25346: (181, 175), (247, 175), (256, 100), (307, 100)
25755: (251, 175), (332, 175), (311, 100), (365, 100)
25756: (297, 100), (344, 100), (251, 175), (316, 175)
25804: (283, 100), (237, 100), (308, 175), (233, 175)
25852: (225, 175), (293, 175), (205, 100), (252, 100)
25928: (188, 175), (276, 175), (149, 100), (208, 100)
25962: (166, 100), (231, 100), (194, 175), (290, 175)
26063: (129, 100), (179, 100), (171, 175), (254, 175)
26111: (177, 100), (221, 100), (175, 175), (239, 175)
26148: (204, 175), (274, 175), (258, 100), (227, 100)
26186: (247, 100), (290, 100), (296, 175), (230, 175)
26223: (236, 100), (276, 100), (247, 175), (295, 175)
26261: (214, 175), (271, 175), (241, 100), (209, 100)
26298: (243, 100), (276, 100), (285, 175), (233, 175)
26336: (235, 175), (290, 175), (286, 100), (247, 100)
26373: (208, 100), (247, 100), (208, 175), (269, 175)
26411: (242, 100), (271, 100), (225, 175), (271, 175)
26448: (256, 175), (293, 175), (289, 100), (259, 100)
26486: (224, 100), (260, 100), (268, 175), (210, 175)
26523: (212, 100), (247, 100), (214, 175), (264, 175)
26561: (247, 100), (285, 100), (229, 175), (301, 175)
26587: (248, 100), (282, 100), (233, 175), (304, 175)
26592: (244, 100), (272, 100), (240, 175), (296, 175)
26620: (219, 100), (255, 100), (216, 175), (285, 175)
26649: (270, 175), (224, 175), (226, 100), (253, 100)
26677: (219, 100), (257, 100), (212, 175), (262, 175)
26706: (218, 175), (284, 175), (227, 100), (267, 100)
26734: (238, 100), (276, 100), (229, 175), (279, 175)
26763: (235, 175), (297, 175), (279, 100), (248, 100)
26791: (212, 100), (250, 100), (224, 175), (278, 175)
26820: (212, 175), (276, 175), (198, 100), (232, 100)
26848: (187, 175), (251, 175), (187, 100), (231, 100)
26877: (201, 100), (253, 100), (207, 175), (273, 175)
26906: (249, 100), (283, 100), (244, 175), (296, 175)
26935: (237, 175), (300, 175), (227, 100), (266, 100)
26963: (208, 100), (250, 100), (215, 175), (275, 175)
26992: (202, 175), (256, 175), (196, 100), (241, 100)
27021: (203, 175), (266, 175), (200, 100), (233, 100)
27050: (215, 100), (247, 100), (208, 175), (267, 175)
27090: (215, 100), (246, 100), (199, 175), (272, 175)
27130: (235, 100), (272, 100), (212, 175), (276, 175)
27162: (232, 175), (284, 175), (228, 100), (267, 100)
27195: (167, 100), (209, 100), (181, 175), (233, 175)
27228: (207, 175), (271, 175), (249, 100), (201, 100)
27261: (210, 100), (251, 100), (199, 175), (258, 175)
27293: (196, 100), (237, 100), (188, 175), (262, 175)
27326: (201, 175), (252, 175), (221, 100), (252, 100)
27359: (261, 100), (301, 100), (233, 175), (296, 175)
27392: (260, 100), (306, 100), (251, 175), (325, 175)
27421: (218, 100), (260, 100), (235, 175), (300, 175)
27450: (179, 100), (214, 100), (192, 175), (257, 175)
27479: (173, 100), (213, 100), (163, 175), (230, 175)
27509: (235, 100), (278, 100), (210, 175), (271, 175)
27522: (230, 175), (296, 175), (257, 100), (296, 100)
27573: (255, 100), (286, 100), (306, 175), (248, 175)
27625: (237, 100), (267, 100), (243, 175), (295, 175)
27676: (206, 100), (234, 100), (211, 175), (257, 175)
27728: (278, 175), (219, 175), (259, 100), (223, 100)
27759: (236, 100), (266, 100), (224, 175), (293, 175)
27791: (228, 175), (273, 175), (231, 100), (256, 100)
27823: (228, 175), (293, 175), (225, 100), (256, 100)
27855: (224, 100), (266, 100), (285, 175), (214, 175)
27886: (233, 100), (266, 100), (232, 175), (284, 175)
27918: (245, 100), (262, 100), (229, 175), (274, 175)
27950: (244, 100), (275, 100), (241, 175), (288, 175)
27982: (189, 100), (233, 100), (196, 175), (266, 175)
28013: (223, 100), (260, 100), (209, 175), (271, 175)
28045: (280, 100), (321, 100), (245, 175), (315, 175)
28088: (228, 100), (266, 100), (293, 175), (225, 175)
28132: (215, 100), (255, 100), (217, 175), (279, 175)
28150: (214, 100), (250, 100), (220, 175), (275, 175)
28192: (222, 175), (275, 175), (260, 100), (226, 100)
28235: (190, 100), (232, 100), (190, 175), (250, 175)
28288: (239, 100), (290, 100), (211, 175), (285, 175)
28315: (237, 100), (281, 100), (227, 175), (304, 175)
28342: (210, 175), (285, 175), (250, 100), (210, 100)
28369: (192, 100), (227, 100), (202, 175), (257, 175)
28396: (198, 175), (261, 175), (209, 100), (250, 100)
28423: (235, 175), (287, 175), (284, 100), (248, 100)
28450: (233, 175), (291, 175), (237, 100), (273, 100)
28477: (212, 100), (239, 100), (218, 175), (268, 175)
28504: (213, 100), (246, 100), (210, 175), (263, 175)
28531: (226, 100), (256, 100), (215, 175), (268, 175)
28558: (253, 175), (306, 175), (262, 100), (299, 100)
28585: (228, 100), (254, 100), (230, 175), (279, 175)
28612: (203, 100), (230, 100), (207, 175), (255, 175)
28639: (207, 100), (234, 100), (213, 175), (260, 175)
28666: (205, 100), (235, 100), (205, 175), (250, 175)
28700: (194, 175), (244, 175), (191, 100), (224, 100)
28734: (200, 175), (255, 175), (210, 100), (250, 100)
28766: (308, 100), (341, 100), (255, 175), (296, 175)
28798: (284, 175), (319, 175), (296, 100), (320, 100)
28830: (243, 100), (267, 100), (235, 175), (284, 175)
28863: (225, 100), (261, 100), (233, 175), (278, 175)
28895: (238, 175), (299, 175), (248, 100), (275, 100)
28927: (263, 100), (291, 100), (310, 175), (272, 175)
28959: (217, 100), (241, 100), (229, 175), (272, 175)
28992: (232, 175), (277, 175), (218, 100), (252, 100)
29006: (210, 175), (272, 175), (215, 100), (251, 100)
29011: (219, 175), (271, 175), (214, 100), (254, 100)
29054: (227, 100), (266, 100), (282, 175), (217, 175)
29097: (280, 175), (210, 175), (229, 100), (265, 100)
29140: (252, 100), (212, 100), (277, 175), (208, 175)
29184: (220, 175), (274, 175), (220, 100), (256, 100)
29227: (256, 100), (215, 100), (272, 175), (212, 175)
29270: (282, 100), (323, 100), (261, 175), (325, 175)
29313: (246, 100), (296, 100), (261, 175), (320, 175)
29357: (208, 100), (258, 100), (215, 175), (286, 175)
29404: (195, 100), (228, 100), (203, 175), (262, 175)
29451: (219, 100), (253, 100), (219, 175), (274, 175)
29498: (181, 100), (211, 100), (176, 175), (222, 175)
29546: (231, 175), (281, 175), (251, 100), (282, 100)
29593: (228, 100), (250, 100), (238, 175), (264, 175)
29641: (183, 175), (234, 175), (195, 100), (227, 100)
29688: (233, 100), (270, 100), (206, 175), (255, 175)
29736: (284, 175), (346, 175), (305, 100), (342, 100)
29787: (216, 100), (258, 100), (288, 175), (223, 175)
29805: (196, 100), (235, 100), (201, 175), (271, 175)
29854: (253, 100), (296, 100), (235, 175), (305, 175)
29904: (216, 100), (250, 100), (222, 175), (270, 175)
29954: (214, 100), (246, 100), (215, 175), (265, 175)
30004: (226, 175), (281, 175), (232, 100), (265, 100)
30054: (236, 100), (272, 100), (231, 175), (283, 175)
30105: (211, 175), (271, 175), (211, 100), (245, 100)
30152: (200, 100), (236, 100), (191, 175), (243, 175)
30200: (224, 175), (296, 175), (240, 100), (284, 100)
30227: (232, 100), (264, 100), (219, 175), (272, 175)
30254: (216, 100), (254, 100), (207, 175), (263, 175)
30305: (239, 100), (275, 100), (276, 175), (224, 175)
30356: (225, 175), (279, 175), (238, 100), (275, 100)
30408: (277, 175), (225, 175), (275, 100), (237, 100)
30454: (252, 175), (191, 175), (239, 100), (193, 100)
30497: (243, 100), (284, 100), (220, 175), (290, 175)
30540: (282, 175), (212, 175), (225, 100), (261, 100)
30583: (195, 100), (231, 100), (182, 175), (240, 175)
30626: (294, 175), (229, 175), (305, 100), (260, 100)
30661: (223, 175), (280, 175), (244, 100), (276, 100)
30697: (260, 175), (196, 175), (213, 100), (257, 100)
30733: (195, 175), (243, 175), (202, 100), (235, 100)
30769: (179, 100), (229, 100), (168, 175), (229, 175)
30804: (242, 100), (287, 100), (281, 175), (220, 175)
30840: (281, 175), (217, 175), (290, 100), (248, 100)
30870: (239, 100), (283, 100), (214, 175), (285, 175)
30901: (244, 100), (284, 100), (226, 175), (274, 175)
30935: (230, 175), (286, 175), (237, 100), (274, 100)
30969: (276, 175), (208, 175), (273, 100), (220, 100)
31016: (237, 100), (296, 100), (208, 175), (290, 175)
31063: (294, 175), (205, 175), (281, 100), (223, 100)
31105: (249, 100), (295, 100), (311, 175), (224, 175)
31148: (209, 175), (296, 175), (268, 100), (217, 100)
31190: (240, 100), (278, 100), (287, 175), (213, 175)
31233: (299, 175), (237, 175), (280, 100), (238, 100)
31272: (200, 175), (279, 175), (213, 100), (257, 100)
31318: (232, 100), (257, 100), (211, 175), (267, 175)
31364: (242, 100), (284, 100), (290, 175), (231, 175)
31410: (238, 100), (263, 100), (275, 175), (220, 175)
31456: (288, 175), (248, 175), (274, 100), (243, 100)
31489: (232, 100), (259, 100), (228, 175), (288, 175)
31522: (220, 100), (252, 100), (264, 175), (221, 175)
31555: (219, 175), (273, 175), (220, 100), (253, 100)
31588: (268, 175), (220, 175), (250, 100), (221, 100)
31626: (221, 175), (279, 175), (224, 100), (258, 100)
31643: (222, 175), (277, 175), (229, 100), (252, 100)
31682: (260, 100), (222, 100), (274, 175), (218, 175)
31721: (231, 100), (264, 100), (276, 175), (232, 175)
31760: (276, 100), (237, 100), (280, 175), (228, 175)
31799: (287, 175), (226, 175), (237, 100), (274, 100)
31852: (217, 175), (278, 175), (227, 100), (263, 100)
31898: (226, 100), (259, 100), (223, 175), (280, 175)
31945: (277, 175), (218, 175), (259, 100), (226, 100)
31977: (232, 100), (267, 100), (230, 175), (281, 175)
32010: (228, 175), (269, 175), (226, 100), (252, 100)
32043: (222, 100), (256, 100), (215, 175), (275, 175)
32076: (251, 175), (306, 175), (267, 100), (295, 100)
32108: (229, 100), (253, 100), (235, 175), (287, 175)
32141: (262, 175), (222, 175), (247, 100), (219, 100)
32168: (226, 175), (283, 175), (228, 100), (268, 100)
32204: (243, 100), (279, 100), (243, 175), (290, 175)
32240: (272, 175), (216, 175), (256, 100), (223, 100)
32276: (267, 100), (294, 100), (250, 175), (300, 175)
32312: (276, 175), (223, 175), (243, 100), (207, 100)
32347: (198, 175), (251, 175), (179, 100), (208, 100)
32383: (218, 175), (271, 175), (225, 100), (258, 100)
32434: (250, 100), (219, 100), (263, 175), (227, 175)
32485: (211, 100), (258, 100), (220, 175), (275, 175)
32529: (248, 175), (306, 175), (294, 100), (257, 100)
32573: (308, 175), (234, 175), (282, 100), (235, 100)
32596: (209, 100), (252, 100), (292, 175), (227, 175)
32618: (235, 175), (300, 175), (263, 100), (213, 100)
32658: (230, 175), (297, 175), (198, 100), (248, 100)
32699: (231, 175), (145, 175), (185, 100), (135, 100)
32740: (288, 175), (192, 175), (261, 100), (200, 100)
32781: (285, 175), (203, 175), (204, 100), (255, 100)
32822: (188, 100), (250, 100), (280, 175), (191, 175)
32863: (248, 100), (195, 100), (196, 175), (270, 175)
32904: (200, 100), (255, 100), (286, 175), (194, 175)
32945: (186, 100), (251, 100), (278, 175), (189, 175)
32987: (299, 175), (232, 175), (269, 100), (218, 100)
33029: (281, 175), (205, 175), (252, 100), (199, 100)
33071: (188, 100), (225, 100), (185, 175), (270, 175)
33113: (210, 100), (265, 100), (283, 175), (199, 175)
33144: (213, 100), (253, 100), (222, 175), (281, 175)
33176: (246, 100), (279, 100), (243, 175), (292, 175)
33209: (223, 175), (294, 175), (260, 100), (221, 100)
33243: (250, 100), (307, 100), (236, 175), (312, 175)
33287: (205, 100), (269, 100), (302, 175), (221, 175)
33332: (172, 100), (240, 100), (273, 175), (172, 175)
33377: (199, 100), (270, 100), (175, 175), (282, 175)
33422: (254, 100), (308, 100), (232, 175), (317, 175)
33466: (202, 100), (255, 100), (206, 175), (293, 175)
33511: (276, 175), (180, 175), (262, 100), (198, 100)
33556: (252, 100), (314, 100), (216, 175), (305, 175)
33601: (230, 100), (287, 100), (205, 175), (290, 175)
33648: (232, 100), (277, 100), (212, 175), (300, 175)
33696: (213, 175), (301, 175), (241, 100), (291, 100)
33737: (258, 100), (309, 100), (234, 175), (305, 175)
33778: (227, 175), (304, 175), (245, 100), (293, 100)
33819: (240, 100), (273, 100), (215, 175), (281, 175)
33861: (237, 175), (300, 175), (252, 100), (292, 100)
33902: (218, 100), (242, 100), (205, 175), (263, 175)
33944: (234, 100), (270, 100), (278, 175), (221, 175)
33985: (281, 100), (312, 100), (275, 175), (330, 175)
34027: (211, 100), (240, 100), (224, 175), (274, 175)
34055: (265, 100), (294, 100), (248, 175), (295, 175)
34083: (302, 175), (338, 175), (300, 100), (324, 100)
34111: (220, 100), (254, 100), (238, 175), (295, 175)
34140: (210, 175), (260, 175), (207, 100), (236, 100)
34179: (274, 100), (298, 100), (260, 175), (301, 175)
34218: (258, 100), (283, 100), (267, 175), (308, 175)
34257: (232, 100), (260, 100), (247, 175), (290, 175)
34296: (247, 175), (293, 175), (236, 100), (264, 100)
34335: (230, 100), (254, 100), (238, 175), (281, 175)
34374: (246, 175), (287, 175), (235, 100), (261, 100)
34413: (224, 100), (251, 100), (236, 175), (278, 175)
34453: (219, 100), (257, 100), (222, 175), (275, 175)
34506: (226, 100), (261, 100), (219, 175), (286, 175)
34559: (202, 175), (260, 175), (207, 100), (241, 100)
34612: (203, 100), (223, 100), (196, 175), (251, 175)
34639: (204, 100), (235, 100), (201, 175), (258, 175)
34666: (223, 175), (260, 175), (230, 100), (254, 100)
34719: (264, 100), (286, 100), (255, 175), (303, 175)
34772: (236, 100), (260, 100), (235, 175), (279, 175)
34825: (257, 100), (277, 100), (249, 175), (291, 175)
34852: (259, 100), (284, 100), (254, 175), (302, 175)
34879: (239, 100), (265, 100), (250, 175), (285, 175)
34909: (210, 100), (239, 100), (220, 175), (264, 175)
34939: (238, 175), (279, 175), (239, 100), (266, 100)
34969: (244, 100), (272, 100), (239, 175), (291, 175)
34999: (232, 175), (281, 175), (234, 100), (271, 100)
35029: (253, 100), (281, 100), (249, 175), (298, 175)
35059: (234, 100), (263, 100), (293, 175), (241, 175)
35089: (209, 100), (239, 100), (223, 175), (273, 175)
35119: (208, 100), (257, 100), (213, 175), (276, 175)
35147: (295, 175), (228, 175), (285, 100), (241, 100)
35175: (239, 100), (284, 100), (229, 175), (297, 175)
35212: (246, 100), (269, 100), (283, 175), (246, 175)
35249: (244, 100), (271, 100), (244, 175), (291, 175)
35286: (181, 175), (231, 175), (164, 100), (189, 100)
35324: (220, 100), (186, 100), (223, 175), (173, 175)
35361: (283, 100), (304, 100), (232, 175), (289, 175)
35398: (265, 175), (306, 175), (290, 100), (269, 100)
35435: (210, 100), (240, 100), (218, 175), (258, 175)
35473: (213, 100), (245, 100), (257, 175), (198, 175)
35510: (253, 100), (280, 100), (243, 175), (279, 175)
35547: (238, 100), (264, 100), (225, 175), (280, 175)
35584: (216, 175), (256, 175), (220, 100), (243, 100)
35622: (272, 175), (217, 175), (270, 100), (238, 100)
35659: (247, 100), (281, 100), (249, 175), (291, 175)
35697: (313, 175), (251, 175), (253, 100), (284, 100)
35734: (225, 175), (268, 175), (215, 100), (242, 100)
35772: (224, 100), (261, 100), (231, 175), (274, 175)
35822: (210, 175), (271, 175), (224, 100), (261, 100)
35872: (202, 100), (245, 100), (196, 175), (258, 175)
35922: (305, 100), (336, 100), (271, 175), (329, 175)
35972: (243, 100), (211, 100), (211, 175), (278, 175)
36022: (188, 100), (218, 100), (191, 175), (252, 175)
36072: (264, 100), (235, 100), (270, 175), (229, 175)
36122: (236, 100), (265, 100), (227, 175), (286, 175)
36173: (219, 100), (249, 100), (211, 175), (257, 175)
36220: (231, 100), (264, 100), (215, 175), (263, 175)
36268: (220, 175), (284, 175), (229, 100), (265, 100)
36270: (219, 175), (280, 175), (223, 100), (265, 100)
36322: (217, 100), (248, 100), (220, 175), (259, 175)
36350: (232, 100), (270, 100), (218, 175), (280, 175)
36378: (251, 100), (285, 100), (236, 175), (297, 175)
36406: (229, 100), (267, 100), (227, 175), (288, 175)
36434: (253, 100), (215, 100), (216, 175), (268, 175)
36462: (211, 100), (252, 100), (197, 175), (264, 175)
36490: (226, 175), (286, 175), (235, 100), (273, 100)
36518: (239, 175), (296, 175), (230, 100), (267, 100)
36546: (281, 175), (222, 175), (252, 100), (211, 100)
36574: (199, 100), (240, 100), (216, 175), (275, 175)
36602: (210, 100), (248, 100), (215, 175), (271, 175)
36630: (208, 100), (245, 100), (216, 175), (277, 175)
36658: (252, 175), (194, 175), (213, 100), (178, 100)
36686: (200, 100), (233, 100), (187, 175), (251, 175)
36714: (230, 100), (260, 100), (210, 175), (265, 175)
36742: (263, 100), (295, 100), (246, 175), (301, 175)
36771: (230, 100), (267, 100), (235, 175), (286, 175)
36800: (213, 100), (256, 100), (229, 175), (282, 175)
36830: (215, 175), (286, 175), (208, 100), (261, 100)
36858: (207, 100), (254, 100), (226, 175), (298, 175)
36886: (204, 100), (245, 100), (191, 175), (274, 175)
36914: (244, 100), (284, 100), (229, 175), (284, 175)
36943: (323, 175), (262, 175), (332, 100), (291, 100)
37028: (189, 100), (330, 100), (121, 175), (298, 175)
37057: (187, 100), (344, 100), (112, 175), (325, 175)
37069: (194, 100), (331, 100), (119, 175), (323, 175)
37106: (172, 175), (312, 175), (257, 100), (319, 100)
37143: (216, 175), (324, 175), (261, 100), (311, 100)
37180: (224, 100), (273, 100), (213, 175), (297, 175)
37218: (282, 175), (201, 175), (265, 100), (218, 100)
37255: (206, 175), (278, 175), (222, 100), (260, 100)
37292: (231, 100), (273, 100), (270, 175), (202, 175)
37329: (235, 100), (277, 100), (221, 175), (280, 175)
37367: (231, 100), (273, 100), (286, 175), (218, 175)
37410: (246, 100), (283, 100), (224, 175), (286, 175)
37444: (236, 100), (277, 100), (226, 175), (288, 175)
37454: (239, 100), (276, 100), (286, 175), (221, 175)
37497: (237, 100), (275, 100), (224, 175), (286, 175)
37541: (239, 100), (279, 100), (225, 175), (289, 175)
37572: (233, 100), (268, 100), (219, 175), (283, 175)
37604: (226, 175), (285, 175), (233, 100), (267, 100)
37636: (252, 100), (289, 100), (302, 175), (241, 175)
37668: (267, 100), (300, 100), (264, 175), (321, 175)
37699: (204, 100), (242, 100), (219, 175), (274, 175)
37731: (200, 175), (264, 175), (212, 100), (254, 100)
37763: (295, 100), (252, 100), (301, 175), (234, 175)
37795: (219, 100), (265, 100), (211, 175), (284, 175)
37842: (228, 100), (270, 100), (213, 175), (283, 175)
37890: (212, 175), (286, 175), (273, 100), (228, 100)
37930: (232, 100), (266, 100), (289, 175), (216, 175)
37970: (228, 100), (263, 100), (224, 175), (275, 175)
38010: (221, 100), (257, 100), (277, 175), (210, 175)
38050: (235, 100), (268, 100), (225, 175), (287, 175)
38069: (219, 175), (293, 175), (230, 100), (271, 100)
38110: (241, 100), (270, 100), (238, 175), (289, 175)
38152: (216, 100), (253, 100), (223, 175), (287, 175)
38194: (213, 100), (248, 100), (212, 175), (273, 175)
38236: (211, 175), (272, 175), (223, 100), (248, 100)
38267: (224, 100), (249, 100), (228, 175), (265, 175)
38299: (219, 100), (256, 100), (215, 175), (269, 175)
38333: (232, 175), (286, 175), (230, 100), (273, 100)
38378: (215, 100), (239, 100), (209, 175), (274, 175)
38424: (215, 100), (240, 100), (220, 175), (262, 175)
38449: (228, 100), (257, 100), (225, 175), (267, 175)
38491: (236, 100), (263, 100), (240, 175), (281, 175)
38533: (206, 100), (232, 100), (217, 175), (263, 175)
38575: (218, 100), (245, 100), (221, 175), (263, 175)
38617: (223, 100), (248, 100), (226, 175), (272, 175)
38659: (210, 100), (232, 100), (215, 175), (256, 175)
38701: (262, 175), (215, 175), (212, 100), (237, 100)
38743: (205, 100), (236, 100), (206, 175), (267, 175)
38786: (190, 175), (244, 175), (190, 100), (221, 100)
38826: (220, 100), (249, 100), (264, 175), (206, 175)
38867: (288, 175), (233, 175), (289, 100), (259, 100)
38920: (251, 100), (272, 100), (240, 175), (280, 175)
38973: (255, 100), (281, 100), (246, 175), (285, 175)
39022: (222, 175), (281, 175), (239, 100), (273, 100)
39068: (246, 100), (268, 100), (228, 175), (276, 175)
39114: (242, 175), (286, 175), (258, 100), (285, 100)
39148: (246, 100), (276, 100), (227, 175), (276, 175)
39182: (230, 175), (282, 175), (253, 100), (284, 100)
39214: (237, 175), (291, 175), (250, 100), (282, 100)
39246: (229, 175), (275, 175), (237, 100), (262, 100)
39255: (224, 175), (266, 175), (233, 100), (261, 100)
39285: (229, 100), (257, 100), (226, 175), (266, 175)
39316: (237, 175), (286, 175), (244, 100), (269, 100)
39347: (215, 100), (240, 100), (230, 175), (268, 175)
39378: (218, 175), (255, 175), (204, 100), (234, 100)
39408: (208, 100), (236, 100), (215, 175), (260, 175)
39438: (219, 175), (261, 175), (226, 100), (255, 100)
39468: (221, 100), (246, 100), (236, 175), (271, 175)
39498: (205, 100), (229, 100), (220, 175), (261, 175)
39514: (209, 175), (252, 175), (201, 100), (219, 100)
39567: (234, 175), (266, 175), (247, 100), (268, 100)
39619: (250, 175), (289, 175), (252, 100), (270, 100)
39655: (231, 100), (253, 100), (232, 175), (270, 175)
39707: (229, 175), (260, 175), (232, 100), (256, 100)
39743: (228, 175), (267, 175), (247, 100), (275, 100)
39780: (242, 175), (290, 175), (279, 100), (307, 100)
39817: (270, 100), (299, 100), (230, 175), (274, 175)
39854: (249, 175), (294, 175), (289, 100), (311, 100)
39883: (264, 100), (283, 100), (242, 175), (277, 175)
39913: (247, 100), (267, 100), (231, 175), (264, 175)
39943: (257, 100), (273, 100), (244, 175), (280, 175)
39973: (232, 175), (264, 175), (235, 100), (256, 100)
40003: (225, 100), (244, 100), (223, 175), (263, 175)
40033: (226, 100), (240, 100), (221, 175), (254, 175)
40063: (235, 100), (252, 100), (228, 175), (259, 175)
40093: (235, 175), (263, 175), (234, 100), (254, 100)
40133: (211, 100), (239, 100), (213, 175), (247, 175)
40173: (223, 175), (263, 175), (231, 100), (257, 100)
40213: (231, 100), (257, 100), (230, 175), (269, 175)
40253: (215, 100), (243, 100), (216, 175), (256, 175)
40293: (224, 100), (252, 100), (216, 175), (261, 175)
40333: (224, 175), (270, 175), (227, 100), (251, 100)
40373: (220, 100), (249, 100), (221, 175), (266, 175)
40414: (221, 175), (275, 175), (210, 100), (246, 100)
40454: (182, 100), (225, 100), (210, 175), (270, 175)
40494: (191, 100), (227, 100), (206, 175), (268, 175)
40534: (169, 100), (216, 100), (199, 175), (258, 175)
40575: (188, 175), (236, 175), (166, 100), (197, 100)
40615: (202, 100), (238, 100), (212, 175), (259, 175)
40655: (207, 175), (254, 175), (200, 100), (232, 100)
40695: (227, 100), (258, 100), (216, 175), (254, 175)
40736: (270, 100), (299, 100), (238, 175), (287, 175)
40763: (269, 100), (292, 100), (236, 175), (285, 175)
40790: (238, 175), (278, 175), (267, 100), (288, 100)
40839: (224, 100), (249, 100), (228, 175), (282, 175)
40888: (235, 175), (204, 175), (213, 100), (195, 100)
40937: (217, 100), (233, 100), (229, 175), (256, 175)
40987: (232, 175), (258, 175), (219, 100), (237, 100)
41036: (201, 100), (222, 100), (213, 175), (246, 175)
41085: (221, 100), (247, 100), (222, 175), (257, 175)
41134: (225, 100), (253, 100), (229, 175), (271, 175)
41184: (230, 100), (260, 100), (224, 175), (272, 175)
41232: (245, 100), (270, 100), (233, 175), (280, 175)
41280: (232, 175), (274, 175), (255, 100), (281, 100)
41328: (234, 100), (262, 100), (242, 175), (277, 175)
41376: (190, 175), (238, 175), (160, 100), (192, 100)
41404: (173, 100), (198, 100), (189, 175), (234, 175)
41433: (197, 100), (226, 100), (206, 175), (248, 175)
41461: (200, 100), (233, 100), (204, 175), (251, 175)
41490: (236, 100), (201, 100), (197, 175), (247, 175)
41537: (241, 100), (281, 100), (209, 175), (266, 175)
41544: (216, 175), (272, 175), (254, 100), (294, 100)
41586: (307, 100), (331, 100), (246, 175), (302, 175)
41629: (307, 100), (330, 100), (250, 175), (307, 175)
41671: (302, 100), (327, 100), (250, 175), (306, 175)
41714: (270, 175), (315, 175), (295, 100), (325, 100)
41756: (262, 100), (288, 100), (251, 175), (293, 175)
41799: (257, 175), (300, 175), (265, 100), (286, 100)
41842: (263, 100), (288, 100), (254, 175), (294, 175)
41885: (240, 100), (260, 100), (244, 175), (287, 175)
41912: (216, 100), (238, 100), (216, 175), (253, 175)
41940: (225, 175), (260, 175), (218, 100), (241, 100)
41968: (213, 100), (234, 100), (220, 175), (249, 175)
41996: (242, 175), (209, 175), (233, 100), (211, 100)
42024: (232, 175), (265, 175), (232, 100), (258, 100)
42052: (232, 175), (274, 175), (237, 100), (267, 100)
42080: (235, 100), (265, 100), (230, 175), (275, 175)
42108: (245, 100), (275, 100), (224, 175), (277, 175)
42143: (255, 100), (277, 100), (232, 175), (277, 175)
42178: (268, 100), (291, 100), (237, 175), (273, 175)
42223: (261, 100), (283, 100), (244, 175), (281, 175)
42268: (253, 100), (277, 100), (281, 175), (236, 175)
42313: (250, 100), (275, 100), (238, 175), (279, 175)
42358: (226, 100), (251, 100), (222, 175), (262, 175)
42386: (209, 175), (244, 175), (204, 100), (226, 100)
42415: (213, 100), (241, 100), (212, 175), (250, 175)
42444: (219, 175), (256, 175), (218, 100), (241, 100)
42473: (210, 100), (239, 100), (216, 175), (257, 175)
42502: (214, 100), (244, 100), (220, 175), (264, 175)
42531: (236, 100), (262, 100), (228, 175), (273, 175)
42560: (230, 100), (250, 100), (225, 175), (268, 175)
42589: (225, 175), (261, 175), (224, 100), (244, 100)
42618: (239, 100), (262, 100), (232, 175), (271, 175)
42647: (230, 175), (271, 175), (242, 100), (267, 100)
42676: (238, 100), (264, 100), (232, 175), (271, 175)
42705: (225, 175), (268, 175), (234, 100), (263, 100)
42734: (243, 100), (265, 100), (217, 175), (266, 175)
42763: (246, 100), (268, 100), (246, 175), (283, 175)
42792: (211, 100), (235, 100), (231, 175), (270, 175)
42822: (208, 100), (236, 100), (203, 175), (247, 175)
42853: (216, 175), (262, 175), (240, 100), (268, 100)
42896: (269, 100), (305, 100), (242, 175), (290, 175)
42940: (236, 175), (287, 175), (287, 100), (250, 100)
42984: (223, 100), (268, 100), (216, 175), (276, 175)
43028: (216, 175), (286, 175), (235, 100), (282, 100)
43075: (242, 100), (283, 100), (220, 175), (286, 175)
43123: (225, 175), (281, 175), (245, 100), (274, 100)
43160: (232, 100), (260, 100), (223, 175), (264, 175)
43197: (210, 175), (252, 175), (213, 100), (241, 100)
43241: (219, 100), (248, 100), (214, 175), (255, 175)
43286: (173, 100), (215, 100), (189, 175), (245, 175)
43288: (181, 175), (233, 175), (165, 100), (208, 100)
43336: (205, 100), (245, 100), (197, 175), (249, 175)
43385: (232, 175), (291, 175), (236, 100), (271, 100)
43419: (224, 175), (274, 175), (226, 100), (249, 100)
43454: (234, 175), (272, 175), (230, 100), (257, 100)
43488: (218, 100), (240, 100), (218, 175), (265, 175)
43523: (210, 175), (242, 175), (203, 100), (222, 100)
43575: (209, 175), (263, 175), (208, 100), (241, 100)
43617: (219, 175), (269, 175), (223, 100), (259, 100)
43645: (226, 175), (277, 175), (230, 100), (259, 100)
43697: (228, 100), (254, 100), (230, 175), (272, 175)
43750: (227, 100), (250, 100), (223, 175), (261, 175)
43782: (236, 100), (271, 100), (235, 175), (270, 175)
43815: (226, 175), (287, 175), (232, 100), (275, 100)
43866: (225, 100), (253, 100), (212, 175), (266, 175)
43918: (233, 175), (283, 175), (251, 100), (279, 100)
43946: (241, 100), (272, 100), (235, 175), (275, 175)
43975: (223, 175), (274, 175), (214, 100), (254, 100)
44033: (196, 100), (252, 100), (223, 175), (314, 175)
44062: (198, 100), (254, 100), (231, 175), (314, 175)
44091: (217, 175), (316, 175), (193, 100), (254, 100)
44121: (199, 100), (252, 100), (220, 175), (310, 175)
44152: (194, 100), (249, 100), (207, 175), (291, 175)
44183: (196, 100), (229, 100), (197, 175), (269, 175)
44214: (218, 100), (262, 100), (215, 175), (279, 175)
44244: (211, 175), (286, 175), (227, 100), (288, 100)
44279: (261, 100), (324, 100), (235, 175), (327, 175)
44314: (247, 175), (349, 175), (282, 100), (339, 100)
44356: (284, 100), (340, 100), (347, 175), (250, 175)
44398: (242, 175), (338, 175), (262, 100), (323, 100)
44435: (210, 100), (245, 100), (215, 175), (285, 175)
44473: (210, 175), (268, 175), (202, 100), (240, 100)
44476: (213, 175), (270, 175), (206, 100), (239, 100)
