Aug_05_2011_Fri_11_50_24_AM/omni_images/001043.jpg, 52, 114, -0.719, -0.695, 9.92
Aug_05_2011_Fri_11_54_36_AM/omni_images/006712.jpg, 379, 104, 0.667, -0.745, 12.79
Aug_05_2011_Fri_11_54_36_AM/omni_images/006712.jpg, 180, 83, 0.116, -0.993, 4.44
Aug_05_2011_Fri_11_54_36_AM/omni_images/006712.jpg, 163, 103, -0.606, -0.796, 7.20
Aug_05_2011_Fri_11_54_36_AM/omni_images/006753.jpg, 116, 126, -0.360, -0.933, 9.33
Aug_05_2011_Fri_11_54_36_AM/omni_images/006753.jpg, 87, 163, -0.771, -0.637, 13.00
Aug_05_2011_Fri_11_54_36_AM/omni_images/006753.jpg, 88, 179, -0.985, 0.173, 12.62
Aug_05_2011_Fri_11_54_36_AM/omni_images/006792.jpg, 83, 270, -0.898, -0.440, 11.66
Aug_05_2011_Fri_11_54_36_AM/omni_images/006792.jpg, 105, 204, -0.670, -0.742, 9.67
Aug_05_2011_Fri_11_54_36_AM/omni_images/006792.jpg, 205, 57, 0.147, -0.989, 3.96
Aug_05_2011_Fri_11_54_36_AM/omni_images/006839.jpg, 172, 94, -0.029, -1.000, 8.00
Aug_05_2011_Fri_11_54_36_AM/omni_images/006839.jpg, 155, 110, -0.538, -0.843, 7.68
Aug_05_2011_Fri_11_54_36_AM/omni_images/006839.jpg, 184, 92, 0.177, -0.984, 4.64
Aug_05_2011_Fri_11_54_36_AM/omni_images/006839.jpg, 135, 123, 0.026, -1.000, 4.00
Aug_05_2011_Fri_11_54_36_AM/omni_images/006839.jpg, 165, 95, -0.296, -0.955, 3.82
Aug_05_2011_Fri_11_54_36_AM/omni_images/006839.jpg, 196, 85, 0.279, -0.960, 3.84
Aug_05_2011_Fri_11_54_36_AM/omni_images/006886.jpg, 106, 228, -0.526, -0.850, 15.47
Aug_05_2011_Fri_11_54_36_AM/omni_images/006886.jpg, 132, 189, -0.118, -0.993, 8.18
Aug_05_2011_Fri_11_54_36_AM/omni_images/006886.jpg, 123, 170, -0.283, -0.959, 9.15
Aug_05_2011_Fri_11_54_36_AM/omni_images/006886.jpg, 88, 256, -0.920, -0.392, 9.20
Aug_05_2011_Fri_11_54_36_AM/omni_images/006886.jpg, 147, 120, -0.467, -0.884, 7.17
Aug_05_2011_Fri_11_54_36_AM/omni_images/006925.jpg, 124, 144, -0.821, -0.571, 3.28
Aug_05_2011_Fri_11_54_36_AM/omni_images/006925.jpg, 111, 261, -0.824, -0.567, 12.88
Aug_05_2011_Fri_11_54_36_AM/omni_images/006925.jpg, 129, 102, -0.309, -0.951, 3.19
Aug_05_2011_Fri_11_54_36_AM/omni_images/006925.jpg, 142, 93, -0.029, -1.000, 1.94
Aug_05_2011_Fri_11_54_36_AM/omni_images/006925.jpg, 168, 96, -0.100, -0.995, 1.99
Aug_05_2011_Fri_11_54_36_AM/omni_images/006964.jpg, 131, 181, -0.325, -0.946, 5.68
Aug_05_2011_Fri_11_54_36_AM/omni_images/006964.jpg, 138, 96, -0.340, -0.941, 3.76
Aug_05_2011_Fri_11_54_36_AM/omni_images/006964.jpg, 86, 250, -0.873, -0.489, 16.33
Aug_05_2011_Fri_11_54_36_AM/omni_images/006972.jpg, 122, 220, -0.503, -0.864, 3.46
Aug_05_2011_Fri_11_54_36_AM/omni_images/006972.jpg, 129, 104, -0.367, -0.930, 5.58
Aug_05_2011_Fri_11_54_36_AM/omni_images/006972.jpg, 417, 155, 0.594, -0.805, 6.44
Aug_05_2011_Fri_11_54_36_AM/omni_images/006972.jpg, 388, 106, 0.457, -0.890, 1.78
Aug_05_2011_Fri_11_54_36_AM/omni_images/006972.jpg, 333, 70, 0.210, -0.978, 3.91
Aug_05_2011_Fri_11_54_36_AM/omni_images/006972.jpg, 193, 55, -0.208, -0.978, 3.91
Aug_05_2011_Fri_11_54_36_AM/omni_images/007007.jpg, 362, 99, 0.381, -0.925, 7.40
Aug_05_2011_Fri_11_54_36_AM/omni_images/007007.jpg, 87, 196, -0.614, -0.789, 9.30
Aug_05_2011_Fri_11_54_36_AM/omni_images/007007.jpg, 178, 67, -0.117, -0.993, 3.97
Aug_05_2011_Fri_11_54_36_AM/omni_images/007043.jpg, 411, 159, 0.677, -0.736, 8.60
Aug_05_2011_Fri_11_54_36_AM/omni_images/007043.jpg, 150, 94, -0.281, -0.960, 3.84
Aug_05_2011_Fri_11_54_36_AM/omni_images/007043.jpg, 116, 96, -0.307, -0.952, 3.81
Aug_05_2011_Fri_11_54_36_AM/omni_images/007057.jpg, 145, 115, -0.376, -0.926, 5.91
Aug_05_2011_Fri_11_54_36_AM/omni_images/007057.jpg, 317, 77, 0.351, -0.936, 3.75
Aug_05_2011_Fri_11_54_36_AM/omni_images/007099.jpg, 372, 124, 0.561, -0.828, 7.80
Aug_05_2011_Fri_11_54_36_AM/omni_images/007099.jpg, 146, 86, -0.243, -0.970, 4.37
Aug_05_2011_Fri_11_54_36_AM/omni_images/007099.jpg, 128, 165, -0.234, -0.972, 7.31
Aug_05_2011_Fri_11_54_36_AM/omni_images/007142.jpg, 301, 80, 0.204, -0.979, 0.00
Aug_05_2011_Fri_11_54_36_AM/omni_images/007142.jpg, 284, 62, 0.077, -0.997, 3.83
Aug_05_2011_Fri_11_54_36_AM/omni_images/007142.jpg, 93, 152, -0.610, -0.793, 12.44
Aug_05_2011_Fri_11_54_36_AM/omni_images/007184.jpg, 335, 105, 0.364, -0.932, 5.59
Aug_05_2011_Fri_11_54_36_AM/omni_images/007312.jpg, 345, 121, 0.087, -0.996, 6.68
Aug_05_2011_Fri_11_54_36_AM/omni_images/007312.jpg, 261, 76, -0.147, -0.989, 0.29
Aug_05_2011_Fri_11_54_36_AM/omni_images/007312.jpg, 53, 220, -0.483, -0.876, 5.26
Aug_05_2011_Fri_11_54_36_AM/omni_images/007350.jpg, 293, 35, 0.000, -1.000, 2.00
Aug_05_2011_Fri_11_54_36_AM/omni_images/007350.jpg, 413, 147, 0.638, -0.770, 6.64
Aug_05_2011_Fri_11_54_36_AM/omni_images/007350.jpg, 402, 129, 0.625, -0.781, 6.25
Aug_05_2011_Fri_11_54_36_AM/omni_images/007350.jpg, 374, 75, 0.034, -0.999, 6.00
Aug_05_2011_Fri_11_54_36_AM/omni_images/007389.jpg, 307, 62, 0.057, -0.998, 0.23
Aug_05_2011_Fri_11_54_36_AM/omni_images/007487.jpg, 344, 115, 0.192, -0.981, 5.51
Aug_05_2011_Fri_11_54_36_AM/omni_images/007487.jpg, 218, 60, -0.103, -0.995, 5.97
Aug_05_2011_Fri_11_54_36_AM/omni_images/007520.jpg, 209, 83, -0.055, -0.998, 1.89
Aug_05_2011_Fri_11_54_36_AM/omni_images/007520.jpg, 166, 103, -0.417, -0.909, 7.12
Aug_05_2011_Fri_11_54_36_AM/omni_images/007520.jpg, 203, 76, -0.159, -0.987, 1.97
Aug_05_2011_Fri_11_54_36_AM/omni_images/007520.jpg, 195, 72, -0.307, -0.952, 1.90
Aug_05_2011_Fri_11_54_36_AM/omni_images/007548.jpg, 159, 136, -0.442, -0.897, 8.97
Aug_05_2011_Fri_11_54_36_AM/omni_images/007548.jpg, 106, 168, -0.795, -0.606, 8.41
Aug_05_2011_Fri_11_54_36_AM/omni_images/007577.jpg, 109, 239, -0.731, -0.683, 8.39
Aug_05_2011_Fri_11_54_36_AM/omni_images/007577.jpg, 114, 280, -0.958, -0.288, 13.41
Aug_05_2011_Fri_11_54_36_AM/omni_images/007577.jpg, 135, 106, -0.130, -0.991, 4.23
Aug_05_2011_Fri_11_54_36_AM/omni_images/007577.jpg, 156, 76, -0.435, -0.901, 1.80
Aug_05_2011_Fri_11_54_36_AM/omni_images/007577.jpg, 157, 65, -0.184, -0.983, 1.97
Aug_05_2011_Fri_11_54_36_AM/omni_images/007606.jpg, 153, 103, -0.560, -0.828, 6.09
Aug_05_2011_Fri_11_54_36_AM/omni_images/007606.jpg, 149, 82, -0.203, -0.979, 3.17
Aug_05_2011_Fri_11_54_36_AM/omni_images/007635.jpg, 131, 169, -0.328, -0.945, 7.63
Aug_05_2011_Fri_11_54_36_AM/omni_images/007635.jpg, 106, 140, -0.768, -0.640, 6.66
Aug_05_2011_Fri_11_54_36_AM/omni_images/011031.jpg, 191, 96, 0.107, -0.994, 1.99
Aug_05_2011_Fri_11_54_36_AM/omni_images/011130.jpg, 254, 150, 0.540, -0.842, 3.84
Aug_05_2011_Fri_11_54_36_AM/omni_images/011156.jpg, 252, 150, 0.532, -0.847, 8.27
Aug_05_2011_Fri_11_54_36_AM/omni_images/011182.jpg, 270, 171, 0.759, -0.651, 7.38
Aug_05_2011_Fri_11_54_36_AM/omni_images/011208.jpg, 292, 177, 0.877, -0.481, 4.47
Aug_05_2011_Fri_11_54_36_AM/omni_images/011337.jpg, 295, 75, 0.040, -0.999, 4.40
Aug_05_2011_Fri_11_54_36_AM/omni_images/011337.jpg, 158, 45, 0.382, -0.924, 5.54
Aug_05_2011_Fri_11_54_36_AM/omni_images/011337.jpg, 302, 62, 0.033, -0.999, 2.00
Aug_05_2011_Fri_11_54_36_AM/omni_images/011389.jpg, 51, 184, -0.358, -0.934, 10.05
Aug_05_2011_Fri_11_54_36_AM/omni_images/011496.jpg, 124, 122, -0.581, -0.814, 6.04
Aug_05_2011_Fri_11_54_36_AM/omni_images/011887.jpg, 341, 114, 0.359, -0.933, 3.59
Aug_05_2011_Fri_11_54_36_AM/omni_images/011913.jpg, 380, 179, 0.614, -0.789, 6.49
Aug_05_2011_Fri_11_54_36_AM/omni_images/011964.jpg, 162, 182, -0.391, -0.920, 3.68
Aug_05_2011_Fri_11_54_36_AM/omni_images/012142.jpg, 149, 107, -0.431, -0.902, 4.55
Aug_05_2011_Fri_11_54_36_AM/omni_images/012142.jpg, 68, 181, -0.629, -0.778, 7.18
Aug_05_2011_Fri_11_54_36_AM/omni_images/012230.jpg, 110, 136, -0.367, -0.930, 3.72
Aug_05_2011_Fri_11_54_36_AM/omni_images/012230.jpg, 80, 146, -0.246, -0.969, 1.94
Aug_05_2011_Fri_11_54_36_AM/omni_images/012368.jpg, 97, 152, -0.364, -0.932, 7.45
Aug_05_2011_Fri_11_54_36_AM/omni_images/012753.jpg, 376, 97, 0.098, -0.995, 5.78
Aug_05_2011_Fri_11_54_36_AM/omni_images/012786.jpg, 421, 179, 0.525, -0.851, 6.55
Aug_05_2011_Fri_11_54_36_AM/omni_images/013141.jpg, 75, 103, -0.493, -0.870, 5.22
Aug_05_2011_Fri_11_54_36_AM/omni_images/013167.jpg, 78, 106, -0.447, -0.894, 7.16
Aug_05_2011_Fri_11_54_36_AM/omni_images/013194.jpg, 76, 106, -0.447, -0.894, 5.37
Aug_05_2011_Fri_11_54_36_AM/omni_images/013220.jpg, 76, 104, -0.474, -0.880, 3.52
Aug_05_2011_Fri_11_54_36_AM/omni_images/013247.jpg, 75, 96, -0.377, -0.926, 3.70
Aug_05_2011_Fri_11_54_36_AM/omni_images/013273.jpg, 42, 182, -0.394, -0.919, 11.03
Aug_05_2011_Fri_11_54_36_AM/omni_images/013300.jpg, 149, 84, -0.083, -0.997, 9.63
Aug_05_2011_Fri_11_54_36_AM/omni_images/016123.jpg, 257, 53, 0.069, -0.998, 24.22
Aug_05_2011_Fri_11_54_36_AM/omni_images/016123.jpg, 294, 58, 0.141, -0.990, 3.96
Aug_05_2011_Fri_11_54_36_AM/omni_images/016157.jpg, 197, 60, -0.176, -0.984, 27.56
Aug_05_2011_Fri_11_54_36_AM/omni_images/016157.jpg, 242, 57, -0.036, -0.999, 4.00
Aug_05_2011_Fri_11_54_36_AM/omni_images/016200.jpg, 225, 108, -0.089, -0.996, 7.97
Aug_05_2011_Fri_11_54_36_AM/omni_images/016200.jpg, 167, 106, -0.261, -0.965, 39.65
Aug_05_2011_Fri_11_54_36_AM/omni_images/016200.jpg, 312, 79, 0.584, -0.812, 24.87
Aug_05_2011_Fri_11_54_36_AM/omni_images/016899.jpg, 141, 125, -0.118, -0.993, 63.43
Aug_05_2011_Fri_11_54_36_AM/omni_images/016899.jpg, 440, 165, 0.707, -0.707, 12.73
Aug_05_2011_Fri_11_54_36_AM/omni_images/016899.jpg, 78, 125, -0.196, -0.981, 9.81
Aug_05_2011_Fri_11_54_36_AM/omni_images/016899.jpg, 364, 90, 0.461, -0.887, 6.25
Aug_05_2011_Fri_11_54_36_AM/omni_images/016899.jpg, 378, 87, 0.625, -0.781, 5.62
Aug_05_2011_Fri_11_54_36_AM/omni_images/017040.jpg, 76, 258, -0.927, -0.375, 17.48
Aug_05_2011_Fri_11_54_36_AM/omni_images/017040.jpg, 228, 62, 0.000, -1.000, 22.00
Aug_05_2011_Fri_11_54_36_AM/omni_images/017073.jpg, 181, 96, -0.265, -0.964, 28.93
Aug_05_2011_Fri_11_54_36_AM/omni_images/017116.jpg, 120, 186, -0.491, -0.871, 53.60
Aug_05_2011_Fri_11_54_36_AM/omni_images/017116.jpg, 336, 87, 0.459, -0.888, 13.35
Aug_05_2011_Fri_11_54_36_AM/omni_images/017292.jpg, 270, 99, -0.150, -0.989, 1.98
Aug_05_2011_Fri_11_54_36_AM/omni_images/017315.jpg, 237, 106, -0.316, -0.949, 4.43
Aug_05_2011_Fri_11_54_36_AM/omni_images/017342.jpg, 223, 125, -0.391, -0.921, 1.06
Aug_05_2011_Fri_11_54_36_AM/omni_images/017370.jpg, 225, 124, -0.423, -0.906, 3.62
Aug_05_2011_Fri_11_54_36_AM/omni_images/017425.jpg, 226, 167, -0.406, -0.914, 3.66
Aug_05_2011_Fri_11_54_36_AM/omni_images/017463.jpg, 226, 178, -0.457, -0.890, 5.34
Aug_05_2011_Fri_11_54_36_AM/omni_images/017508.jpg, 231, 179, -0.436, -0.900, 3.60
Aug_05_2011_Fri_12_25_11_PM/omni_images/000178.jpg, 150, 121, -0.447, -0.894, 1.79
Aug_05_2011_Fri_12_25_11_PM/omni_images/000211.jpg, 158, 155, -0.434, -0.901, 3.60
Aug_05_2011_Fri_12_25_11_PM/omni_images/000307.jpg, 324, 193, 0.856, -0.518, 4.14
Aug_05_2011_Fri_12_25_11_PM/omni_images/000340.jpg, 326, 190, 0.853, -0.521, 2.75
Aug_05_2011_Fri_12_25_11_PM/omni_images/000596.jpg, 192, 109, -0.173, -0.985, 25.61
Aug_05_2011_Fri_12_25_11_PM/omni_images/000596.jpg, 236, 67, -0.064, -0.998, 5.99
Aug_05_2011_Fri_12_25_11_PM/omni_images/000633.jpg, 179, 183, -0.330, -0.944, 45.21
Aug_05_2011_Fri_12_25_11_PM/omni_images/000633.jpg, 237, 92, -0.037, -0.999, 6.00
Aug_05_2011_Fri_12_25_11_PM/omni_images/000894.jpg, 163, 190, -0.376, -0.927, 41.58
Aug_05_2011_Fri_12_25_11_PM/omni_images/000894.jpg, 248, 92, 0.177, -0.984, 5.91
Aug_05_2011_Fri_12_29_30_PM/omni_images/000212.jpg, 168, 227, -0.645, -0.764, 18.91
Aug_05_2011_Fri_12_29_30_PM/omni_images/000546.jpg, 160, 161, -0.141, -0.990, 20.08
Aug_05_2011_Fri_12_29_30_PM/omni_images/000578.jpg, 351, 140, 0.555, -0.832, 17.20
Aug_05_2011_Fri_12_29_30_PM/omni_images/000578.jpg, 108, 218, -0.353, -0.936, 37.18
Aug_05_2011_Fri_12_29_30_PM/omni_images/000610.jpg, 390, 182, 0.829, -0.560, 19.98
Aug_05_2011_Fri_12_29_30_PM/omni_images/000674.jpg, 388, 133, 0.640, -0.768, 14.60
Aug_05_2011_Fri_12_29_30_PM/omni_images/000706.jpg, 383, 129, 0.607, -0.794, 17.20
Aug_05_2011_Fri_12_29_30_PM/omni_images/000706.jpg, 135, 95, -0.206, -0.979, 25.44
Aug_05_2011_Fri_12_29_30_PM/omni_images/000706.jpg, 177, 52, 0.000, -1.000, 6.00
Aug_05_2011_Fri_12_29_30_PM/omni_images/000738.jpg, 118, 142, -0.283, -0.959, 39.72
Aug_05_2011_Fri_12_29_30_PM/omni_images/000738.jpg, 187, 52, 0.110, -0.994, 8.39
Aug_05_2011_Fri_12_29_30_PM/omni_images/000770.jpg, 137, 201, -0.376, -0.926, 65.26
Aug_05_2011_Fri_12_29_30_PM/omni_images/000770.jpg, 391, 122, 0.657, -0.754, 11.87
Aug_05_2011_Fri_12_29_30_PM/omni_images/000770.jpg, 261, 58, 0.268, -0.964, 9.64
Aug_05_2011_Fri_12_29_30_PM/omni_images/000848.jpg, 418, 197, 0.644, -0.765, 8.70
Aug_05_2011_Fri_12_29_30_PM/omni_images/000848.jpg, 295, 54, 0.214, -0.977, 11.72
Aug_05_2011_Fri_12_29_30_PM/omni_images/000923.jpg, 249, 51, 0.080, -0.997, 15.95
Aug_05_2011_Fri_12_29_30_PM/omni_images/000952.jpg, 172, 73, -0.275, -0.962, 16.76
Aug_05_2011_Fri_12_29_30_PM/omni_images/000981.jpg, 166, 91, -0.310, -0.951, 23.44
Aug_05_2011_Fri_12_29_30_PM/omni_images/000981.jpg, 258, 55, -0.029, -1.000, 4.00
Aug_05_2011_Fri_12_29_30_PM/omni_images/001010.jpg, 253, 58, 0.042, -0.999, 4.00
Aug_05_2011_Fri_12_29_30_PM/omni_images/001010.jpg, 146, 112, -0.287, -0.958, 29.31
Aug_05_2011_Fri_12_29_30_PM/omni_images/001061.jpg, 145, 107, -0.290, -0.957, 26.79
Aug_05_2011_Fri_12_29_30_PM/omni_images/001061.jpg, 252, 56, 0.060, -0.998, 3.99
Aug_05_2011_Fri_12_29_30_PM/omni_images/001091.jpg, 147, 105, -0.305, -0.952, 34.21
Aug_05_2011_Fri_12_29_30_PM/omni_images/001091.jpg, 265, 61, 0.107, -0.994, 3.98
Aug_05_2011_Fri_12_29_30_PM/omni_images/001122.jpg, 143, 198, -0.371, -0.928, 59.05
Aug_05_2011_Fri_12_29_30_PM/omni_images/001122.jpg, 303, 81, 0.310, -0.951, 6.32
Aug_05_2011_Fri_12_29_30_PM/omni_images/001152.jpg, 356, 144, 0.475, -0.880, 11.79
Aug_05_2011_Fri_12_29_30_PM/omni_images/001152.jpg, 124, 112, -0.330, -0.944, 34.45
Aug_05_2011_Fri_12_29_30_PM/omni_images/001152.jpg, 54, 140, -0.638, -0.770, 17.96
Aug_05_2011_Fri_12_29_30_PM/omni_images/001183.jpg, 134, 143, -0.460, -0.888, 60.50
Aug_05_2011_Fri_12_29_30_PM/omni_images/001183.jpg, 71, 167, -0.717, -0.697, 21.07
Aug_05_2011_Fri_12_29_30_PM/omni_images/001444.jpg, 145, 98, -0.167, -0.986, 52.90
Aug_05_2011_Fri_12_29_30_PM/omni_images/001444.jpg, 319, 112, 0.604, -0.797, 18.79
Aug_05_2011_Fri_12_29_30_PM/omni_images/001482.jpg, 332, 190, 0.725, -0.689, 42.48
Aug_05_2011_Fri_12_29_30_PM/omni_images/001482.jpg, 88, 204, -0.598, -0.802, 76.03
Aug_05_2011_Fri_12_29_30_PM/omni_images/001482.jpg, 205, 65, 0.093, -0.996, 23.90
Aug_05_2011_Fri_12_29_30_PM/omni_images/001482.jpg, 312, 71, 0.555, -0.832, 19.41
Aug_05_2011_Fri_12_29_30_PM/omni_images/001518.jpg, 206, 77, 0.110, -0.994, 42.85
Aug_05_2011_Fri_12_29_30_PM/omni_images/001518.jpg, 278, 60, 0.409, -0.913, 9.94
Aug_05_2011_Fri_12_29_30_PM/omni_images/001518.jpg, 350, 109, 0.677, -0.736, 26.67
Aug_05_2011_Fri_12_29_30_PM/omni_images/001550.jpg, 342, 139, 0.716, -0.698, 42.23
Aug_05_2011_Fri_12_29_30_PM/omni_images/001550.jpg, 155, 114, -0.243, -0.970, 57.24
Aug_05_2011_Fri_12_29_30_PM/omni_images/001565.jpg, 126, 152, -0.360, -0.933, 78.10
Aug_05_2011_Fri_12_29_30_PM/omni_images/001565.jpg, 214, 90, 0.148, -0.989, 18.69
Aug_05_2011_Fri_12_29_30_PM/omni_images/001565.jpg, 332, 169, 0.760, -0.650, 53.14
Aug_05_2011_Fri_12_29_30_PM/omni_images/001565.jpg, 373, 230, 0.981, -0.192, 36.10
Aug_05_2011_Fri_12_29_30_PM/omni_images/001565.jpg, 269, 48, 0.390, -0.921, 5.53
Aug_05_2011_Fri_12_29_30_PM/omni_images/001597.jpg, 163, 149, -0.107, -0.994, 27.63
Aug_05_2011_Fri_12_29_30_PM/omni_images/001629.jpg, 153, 274, -0.847, -0.531, 44.11
Aug_05_2011_Fri_12_29_30_PM/omni_images/001725.jpg, 371, 141, -0.847, -0.531, 44.11
Jun_11_2009_Thu_12_06_38_PM/omni_images/000518.jpg, 148, 50, -0.110, -0.994, 19.66
Jun_11_2009_Thu_12_06_38_PM/omni_images/000575.jpg, 62, 123, -0.587, -0.810, 53.15
Jun_11_2009_Thu_12_06_38_PM/omni_images/000575.jpg, 85, 95, -0.029, -1.000, 10.00
Jun_11_2009_Thu_12_06_38_PM/omni_images/000575.jpg, 156, 37, -0.252, -0.968, 8.25
Jun_11_2009_Thu_12_06_38_PM/omni_images/000694.jpg, 99, 119, -0.402, -0.916, 15.01
Jun_11_2009_Thu_12_06_38_PM/omni_images/000764.jpg, 306, 56, 0.342, -0.940, 10.25
Jun_11_2009_Thu_12_06_38_PM/omni_images/000799.jpg, 353, 87, 0.474, -0.880, 19.51
Jun_11_2009_Thu_12_06_38_PM/omni_images/001008.jpg, 183, 32, -0.067, -0.998, 7.98
Jun_11_2009_Thu_12_06_38_PM/omni_images/001061.jpg, 404, 170, 0.933, -0.361, 58.36
Jun_11_2009_Thu_12_06_38_PM/omni_images/001061.jpg, 182, 44, -0.355, -0.935, 20.83
Jun_11_2009_Thu_12_06_38_PM/omni_images/001061.jpg, 111, 73, -0.594, -0.804, 11.61
Jun_11_2009_Thu_12_06_38_PM/omni_images/001114.jpg, 131, 85, -0.611, -0.791, 39.35
Jun_11_2009_Thu_12_06_38_PM/omni_images/001114.jpg, 343, 63, 0.399, -0.917, 28.07
Jun_11_2009_Thu_12_06_38_PM/omni_images/001157.jpg, 387, 143, 0.745, -0.667, 52.40
Jun_11_2009_Thu_12_06_38_PM/omni_images/001717.jpg, 350, 68, 0.204, -0.979, 6.69
Jun_11_2009_Thu_12_06_38_PM/omni_images/001717.jpg, 127, 63, -0.158, -0.987, 20.70
Jun_11_2009_Thu_12_06_38_PM/omni_images/001737.jpg, 387, 126, 0.316, -0.949, 16.44
Jun_11_2009_Thu_12_06_38_PM/omni_images/001737.jpg, 58, 93, -0.479, -0.878, 29.53
Jun_11_2009_Thu_12_06_38_PM/omni_images/001776.jpg, 107, 123, -0.348, -0.937, 17.78
Jun_11_2009_Thu_12_06_38_PM/omni_images/001776.jpg, 141, 75, -0.260, -0.966, 10.70
Jun_11_2009_Thu_12_06_38_PM/omni_images/001776.jpg, 372, 106, 0.366, -0.931, 19.68
Jun_11_2009_Thu_12_06_38_PM/omni_images/001815.jpg, 294, 49, 0.233, -0.972, 13.54
Jun_11_2009_Thu_12_06_38_PM/omni_images/002052.jpg, 56, 128, -0.346, -0.938, 35.16
Jun_11_2009_Thu_12_06_38_PM/omni_images/002121.jpg, 291, 60, 0.506, -0.863, 2.74
Jun_11_2009_Thu_12_06_38_PM/omni_images/002155.jpg, 76, 98, -0.472, -0.881, 8.00
Jun_11_2009_Thu_12_06_38_PM/omni_images/002155.jpg, 98, 71, -0.137, -0.991, 31.77
Jun_11_2009_Thu_12_06_38_PM/omni_images/002190.jpg, 354, 70, 0.588, -0.809, 10.88
Jun_11_2009_Thu_12_06_38_PM/omni_images/002190.jpg, 316, 52, 0.463, -0.887, 12.49
Jun_11_2009_Thu_12_06_38_PM/omni_images/002316.jpg, 82, 104, -0.616, -0.788, 29.80
Jun_11_2009_Thu_12_06_38_PM/omni_images/002316.jpg, 122, 72, -0.141, -0.990, 13.86
Jun_11_2009_Thu_12_06_38_PM/omni_images/002316.jpg, 336, 70, 0.062, -0.998, 13.85
Jun_11_2009_Thu_12_06_38_PM/omni_images/002316.jpg, 44, 130, -0.998, -0.059, 16.09
Jun_11_2009_Thu_12_06_38_PM/omni_images/002361.jpg, 130, 63, -0.500, -0.866, 16.12
Jun_11_2009_Thu_12_06_38_PM/omni_images/002361.jpg, 149, 51, -0.287, -0.958, 12.83
Jun_11_2009_Thu_12_06_38_PM/omni_images/002406.jpg, 94, 94, -0.458, -0.889, 32.92
Jun_11_2009_Thu_12_06_38_PM/omni_images/002450.jpg, 339, 68, 0.190, -0.982, 19.19
Jun_11_2009_Thu_12_06_38_PM/omni_images/002495.jpg, 51, 142, -0.511, -0.860, 22.30
Jun_11_2009_Thu_12_06_38_PM/omni_images/002495.jpg, 304, 43, 0.689, -0.725, 8.34
Jun_11_2009_Thu_12_06_38_PM/omni_images/002495.jpg, 426, 157, 0.838, -0.546, 13.40
Jun_11_2009_Thu_12_06_38_PM/omni_images/002674.jpg, 446, 137, 0.667, -0.745, 5.33
Jun_11_2009_Thu_12_06_38_PM/omni_images/002674.jpg, 145, 58, -0.385, -0.923, 10.00
Jun_11_2009_Thu_12_06_38_PM/omni_images/002764.jpg, 352, 53, 0.461, -0.887, 8.02
Jun_11_2009_Thu_12_06_38_PM/omni_images/002809.jpg, 403, 140, 0.676, -0.737, 12.53
Jun_11_2009_Thu_12_06_38_PM/omni_images/002854.jpg, 94, 101, 0.000, -1.000, 2.00
Jun_11_2009_Thu_12_13_08_PM/omni_images/000524.jpg, 93, 120, -0.549, -0.836, 6.11
Jun_11_2009_Thu_12_13_08_PM/omni_images/000524.jpg, 121, 67, -0.414, -0.910, 5.30
Jun_11_2009_Thu_12_13_08_PM/omni_images/000606.jpg, 67, 175, -0.587, -0.810, 13.52
Jun_11_2009_Thu_12_13_08_PM/omni_images/000621.jpg, 107, 128, -0.476, -0.880, 12.46
Jun_11_2009_Thu_12_13_08_PM/omni_images/000621.jpg, 149, 64, -0.222, -0.975, 7.36
Jun_11_2009_Thu_12_13_08_PM/omni_images/000817.jpg, 144, 72, -0.342, -0.940, 9.23
Jun_11_2009_Thu_12_13_08_PM/omni_images/000987.jpg, 146, 65, -0.423, -0.906, 1.69
Jun_11_2009_Thu_12_13_08_PM/omni_images/000987.jpg, 72, 131, -0.651, -0.759, 6.72
Jun_11_2009_Thu_12_13_08_PM/omni_images/000987.jpg, 185, 44, -0.316, -0.949, 3.16
Jun_11_2009_Thu_12_13_08_PM/omni_images/001047.jpg, 70, 146, -0.707, -0.707, 9.90
Jun_11_2009_Thu_12_13_08_PM/omni_images/001047.jpg, 147, 74, -0.316, -0.949, 3.79
Jun_11_2009_Thu_12_13_08_PM/omni_images/001047.jpg, 186, 49, -0.124, -0.992, 1.74
Jun_11_2009_Thu_12_13_08_PM/omni_images/001106.jpg, 69, 100, -0.561, -0.828, 7.75
Jun_11_2009_Thu_12_13_08_PM/omni_images/001106.jpg, 26, 167, -0.855, -0.519, 7.08
Jun_11_2009_Thu_12_13_08_PM/omni_images/001106.jpg, 91, 70, -0.618, -0.786, 3.71
Jun_11_2009_Thu_12_13_08_PM/omni_images/001166.jpg, 95, 71, -0.394, -0.919, 8.14
Jun_11_2009_Thu_12_13_08_PM/omni_images/002940.jpg, 144, 126, -0.487, -0.873, 6.99
Jun_11_2009_Thu_12_13_08_PM/omni_images/002945.jpg, 112, 137, -0.578, -0.816, 12.31
Jun_11_2009_Thu_12_13_08_PM/omni_images/002980.jpg, 85, 183, -0.577, -0.817, 19.03
Jun_11_2009_Thu_12_13_08_PM/omni_images/002980.jpg, 345, 153, 0.560, -0.829, 9.94
Jun_11_2009_Thu_12_13_08_PM/omni_images/002980.jpg, 236, 53, 0.042, -0.999, 2.08
Jun_11_2009_Thu_12_13_08_PM/omni_images/002980.jpg, 284, 60, 0.155, -0.988, 4.26
Jun_11_2009_Thu_12_13_08_PM/omni_images/002980.jpg, 400, 137, 0.644, -0.765, 7.49
Jun_11_2009_Thu_12_13_08_PM/omni_images/002980.jpg, 421, 159, 0.726, -0.688, 7.03
Jun_11_2009_Thu_12_13_08_PM/omni_images/003016.jpg, 158, 88, -0.265, -0.964, 7.71
Jun_11_2009_Thu_12_13_08_PM/omni_images/003016.jpg, 268, 80, 0.210, -0.978, 7.82
Jun_11_2009_Thu_12_13_08_PM/omni_images/003016.jpg, 71, 122, -0.499, -0.867, 8.67
Jun_11_2009_Thu_12_13_08_PM/omni_images/003016.jpg, 406, 128, 0.730, -0.683, 8.20
